5600.000	1.976	-0.007
5600.104	1.976	-0.007
5600.169	1.976	-0.007
5600.260	1.976	-0.007
5600.338	1.976	-0.007
5600.417	1.976	-0.009
5600.507	1.976	-0.007
5600.586	1.976	-0.007
5600.664	1.976	-0.007
5600.755	1.976	-0.009
5600.833	1.976	-0.009
5600.924	1.976	-0.008
5601.002	1.976	-0.008
5601.093	1.976	-0.007
5601.172	1.976	-0.008
5601.250	1.976	-0.007
5601.341	1.976	-0.008
5601.419	1.976	-0.010
5601.510	1.976	-0.008
5601.588	1.976	-0.008
5601.667	1.976	-0.009
5601.744	1.976	-0.008
5601.836	1.976	-0.009
5601.914	1.976	-0.008
5602.005	1.976	-0.010
5602.096	1.976	-0.009
5602.161	1.976	-0.009
5602.252	1.976	-0.010
5602.331	1.976	-0.010
5602.422	1.976	-0.009
5602.500	1.976	-0.008
5602.591	1.976	-0.010
5602.669	1.976	-0.011
5602.748	1.976	-0.009
5602.838	1.976	-0.007
5602.917	1.976	-0.009
5602.994	1.976	-0.011
5603.086	1.976	-0.009
5603.164	1.976	-0.008
5603.255	1.976	-0.007
5603.333	1.976	-0.010
5603.411	1.976	-0.007
5603.502	1.976	-0.007
5603.581	1.976	-0.009
5603.672	1.976	-0.011
5603.750	1.976	-0.009
5603.841	1.976	-0.007
5603.919	1.976	-0.008
5603.998	1.976	-0.009
5604.088	1.976	-0.010
5604.167	1.976	-0.008
5604.257	1.976	-0.009
5604.336	1.976	-0.010
5604.414	1.976	-0.009
5604.505	1.976	-0.009
5604.583	1.976	-0.010
5604.674	1.976	-0.007
5604.752	1.976	-0.008
5604.831	1.976	-0.009
5604.922	1.976	-0.008
5605.000	1.976	-0.008
5605.078	1.976	-0.008
5605.169	1.976	-0.008
5605.248	1.976	-0.008
5605.338	1.976	-0.007
5605.417	1.976	-0.008
5605.494	1.976	-0.007
5605.586	1.976	-0.007
5605.664	1.976	-0.007
5605.755	1.976	-0.007
5605.833	1.976	-0.007
5605.911	1.976	-0.007
5606.002	1.976	-0.008
5606.081	1.976	-0.007
5606.172	1.976	-0.007
5606.250	1.976	-0.008
5606.341	1.976	-0.007
5606.419	1.976	-0.007
5606.498	1.976	-0.007
5606.588	1.976	-0.007
5606.667	1.976	-0.007
5606.744	1.976	-0.007
5606.836	1.975	-0.008
5606.914	1.976	-0.007
5607.005	1.976	-0.007
5607.083	1.976	-0.007
5607.174	1.974	-0.007
5607.252	1.976	-0.007
5607.331	1.975	-0.007
5607.422	1.976	-0.007
5607.500	1.976	-0.008
5607.578	1.976	-0.007
5607.669	1.973	-0.007
5607.748	1.974	-0.007
5607.838	1.972	-0.007
5607.917	1.972	-0.007
5607.994	1.971	-0.007
5608.086	1.971	-0.007
5608.164	1.972	-0.007
5608.255	1.971	-0.007
5608.333	1.971	-0.007
5608.424	1.971	-0.007
5608.502	1.971	-0.007
5608.581	1.971	-0.007
5608.672	1.971	-0.007
5608.750	1.971	-0.007
5608.828	1.971	-0.007
5608.919	1.971	-0.007
5608.998	1.971	-0.007
5609.088	1.971	-0.007
5609.167	1.971	-0.007
5609.257	1.970	-0.007
5609.336	1.970	-0.006
5609.414	1.971	-0.006
5609.505	1.971	-0.007
5609.583	1.968	-0.006
5609.674	1.970	-0.006
5609.752	1.968	-0.007
5609.831	1.967	-0.006
5609.922	1.967	-0.006
5610.000	1.967	-0.007
5610.091	1.966	-0.006
5610.169	1.966	-0.006
5610.248	1.966	-0.006
5610.338	1.966	-0.006
5610.417	1.966	-0.006
5610.507	1.966	-0.005
5610.586	1.966	-0.005
5610.664	1.966	-0.004
5610.755	1.965	-0.005
5610.833	1.965	-0.004
5610.924	1.965	-0.005
5611.002	1.965	-0.005
5611.081	1.962	-0.004
5611.172	1.961	-0.005
5611.250	1.961	-0.003
5611.341	1.962	-0.004
5611.419	1.961	-0.005
5611.498	1.961	-0.004
5611.588	1.961	-0.003
5611.667	1.961	-0.002
5611.744	1.961	-0.004
5611.836	1.961	-0.003
5611.914	1.961	-0.003
5612.005	1.961	-0.003
5612.083	1.961	-0.002
5612.174	1.961	-0.003
5612.252	1.961	-0.002
5612.331	1.961	-0.002
5612.422	1.961	-0.002
5612.500	1.961	-0.002
5612.578	1.961	-0.003
5612.669	1.960	-0.002
5612.748	1.959	-0.002
5612.838	1.956	-0.002
5612.917	1.956	-0.002
5612.994	1.956	-0.002
5613.086	1.956	-0.002
5613.164	1.956	-0.002
5613.255	1.956	-0.002
5613.333	1.956	-0.002
5613.411	1.954	-0.002
5613.502	1.954	-0.002
5613.581	1.956	-0.002
5613.672	1.954	-0.002
5613.750	1.952	-0.002
5613.828	1.952	-0.002
5613.919	1.951	-0.002
5613.998	1.951	-0.002
5614.088	1.951	-0.002
5614.167	1.951	-0.002
5614.244	1.952	-0.002
5614.336	1.951	-0.002
5614.414	1.951	-0.002
5614.505	1.951	-0.002
5614.583	1.951	-0.002
5614.661	1.951	-0.002
5614.752	1.948	-0.002
5614.831	1.946	-0.002
5614.922	1.946	-0.002
5615.000	1.946	-0.002
5615.078	1.946	-0.002
5615.169	1.946	-0.002
5615.248	1.946	-0.002
5615.338	1.945	-0.002
5615.417	1.943	-0.002
5615.494	1.942	-0.002
5615.586	1.941	-0.002
5615.664	1.941	-0.002
5615.755	1.941	-0.002
5615.833	1.941	-0.002
5615.911	1.941	-0.002
5616.002	1.941	-0.002
5616.081	1.941	-0.002
5616.172	1.941	-0.002
5616.250	1.941	-0.002
5616.328	1.941	-0.002
5616.419	1.941	-0.002
5616.498	1.941	-0.002
5616.588	1.941	-0.002
5616.667	1.940	-0.002
5616.744	1.937	-0.002
5616.836	1.936	-0.002
5616.914	1.937	-0.002
5617.005	1.937	-0.002
5617.083	1.936	-0.002
5617.174	1.936	-0.002
5617.252	1.936	-0.002
5617.331	1.936	-0.002
5617.422	1.936	-0.002
5617.500	1.936	-0.002
5617.578	1.935	-0.002
5617.669	1.935	-0.002
5617.748	1.933	-0.002
5617.838	1.933	-0.002
5617.917	1.933	-0.002
5617.994	1.932	-0.002
5618.086	1.932	-0.002
5618.164	1.932	-0.002
5618.255	1.931	-0.002
5618.346	1.931	-0.002
5618.411	1.931	-0.002
5618.502	1.931	-0.002
5618.581	1.930	-0.002
5618.672	1.930	-0.002
5618.750	1.931	-0.002
5618.841	1.928	-0.002
5618.919	1.925	-0.002
5618.998	1.925	-0.002
5619.088	1.925	-0.002
5619.167	1.926	-0.002
5619.244	1.925	-0.002
5619.336	1.925	-0.002
5619.414	1.925	-0.002
5619.505	1.925	-0.002
5619.583	1.925	-0.002
5619.661	1.925	-0.002
5619.752	1.925	-0.002
5619.831	1.923	-0.002
5619.922	1.921	-0.002
5620.000	1.920	-0.002
5620.078	1.920	-0.002
5620.169	1.921	-0.002
5620.248	1.921	-0.002
5620.338	1.920	-0.002
5620.417	1.921	-0.002
5620.494	1.920	-0.002
5620.586	1.920	-0.002
5620.664	1.920	-0.002
5620.755	1.920	-0.002
5620.833	1.920	-0.002
5620.911	1.920	-0.002
5621.002	1.920	-0.002
5621.081	1.920	-0.002
5621.172	1.920	-0.002
5621.250	1.920	-0.002
5621.328	1.920	-0.002
5621.419	1.920	-0.002
5621.498	1.919	-0.002
5621.588	1.919	-0.002
5621.667	1.919	-0.002
5621.744	1.919	-0.002
5621.836	1.918	-0.002
5621.914	1.916	-0.002
5622.005	1.918	-0.003
5622.083	1.917	-0.002
5622.174	1.916	-0.004
5622.252	1.915	-0.002
5622.331	1.915	-0.002
5622.422	1.915	-0.002
5622.500	1.915	-0.003
5622.578	1.915	-0.003
5622.669	1.915	-0.002
5622.748	1.915	-0.004
5622.838	1.915	-0.002
5622.917	1.915	-0.003
5622.994	1.915	-0.005
5623.086	1.915	-0.004
5623.164	1.914	-0.006
5623.255	1.915	-0.006
5623.333	1.915	-0.006
5623.411	1.914	-0.004
5623.502	1.914	-0.005
5623.581	1.915	-0.004
5623.672	1.914	-0.006
5623.750	1.913	-0.006
5623.828	1.912	-0.006
5623.919	1.912	-0.006
5623.998	1.910	-0.006
5624.088	1.911	-0.006
5624.167	1.911	-0.007
5624.257	1.911	-0.006
5624.336	1.911	-0.007
5624.414	1.910	-0.007
5624.505	1.911	-0.007
5624.583	1.910	-0.007
5624.661	1.910	-0.006
5624.752	1.910	-0.007
5624.831	1.910	-0.007
5624.922	1.910	-0.006
5625.000	1.910	-0.007
5625.078	1.910	-0.007
5625.169	1.910	-0.007
5625.248	1.910	-0.007
5625.338	1.910	-0.007
5625.417	1.910	-0.007
5625.494	1.910	-0.007
5625.586	1.910	-0.007
5625.664	1.910	-0.007
5625.755	1.910	-0.007
5625.833	1.910	-0.007
5625.911	1.910	-0.007
5626.002	1.910	-0.007
5626.081	1.910	-0.007
5626.172	1.910	-0.007
5626.250	1.910	-0.007
5626.328	1.910	-0.007
5626.419	1.910	-0.007
5626.498	1.910	-0.007
5626.588	1.910	-0.007
5626.667	1.910	-0.008
5626.744	1.910	-0.007
5626.836	1.909	-0.007
5626.914	1.910	-0.007
5627.005	1.910	-0.007
5627.083	1.910	-0.007
5627.161	1.910	-0.007
5627.252	1.910	-0.007
5627.331	1.910	-0.007
5627.422	1.910	-0.007
5627.500	1.909	-0.007
5627.578	1.910	-0.007
5627.669	1.910	-0.007
5627.748	1.910	-0.007
5627.838	1.909	-0.007
5627.917	1.910	-0.007
5627.994	1.910	-0.007
5628.086	1.908	-0.007
5628.164	1.910	-0.007
5628.255	1.910	-0.007
5628.333	1.910	-0.007
5628.411	1.910	-0.007
5628.502	1.908	-0.007
5628.581	1.910	-0.007
5628.672	1.910	-0.007
5628.750	1.910	-0.007
5628.828	1.910	-0.008
5628.919	1.910	-0.007
5628.998	1.910	-0.007
5629.088	1.910	-0.008
5629.167	1.910	-0.007
5629.244	1.910	-0.007
5629.336	1.910	-0.008
5629.414	1.908	-0.007
5629.505	1.909	-0.008
5629.583	1.908	-0.007
5629.661	1.909	-0.008
5629.752	1.907	-0.007
5629.831	1.910	-0.008
5629.922	1.909	-0.008
5630.000	1.907	-0.008
5630.078	1.908	-0.007
5630.169	1.908	-0.007
5630.260	1.908	-0.007
5630.338	1.909	-0.007
5630.417	1.909	-0.007
5630.494	1.910	-0.007
5630.586	1.908	-0.007
5630.664	1.907	-0.007
5630.755	1.908	-0.007
5630.833	1.907	-0.007
5630.911	1.905	-0.007
5631.002	1.906	-0.007
5631.081	1.907	-0.007
5631.172	1.908	-0.007
5631.250	1.906	-0.008
5631.328	1.906	-0.007
5631.419	1.906	-0.007
5631.498	1.906	-0.008
5631.588	1.907	-0.007
5631.667	1.907	-0.007
5631.744	1.905	-0.007
5631.836	1.905	-0.007
5631.914	1.907	-0.007
5632.005	1.905	-0.007
5632.083	1.906	-0.007
5632.161	1.905	-0.007
5632.252	1.906	-0.007
5632.331	1.905	-0.007
5632.422	1.905	-0.007
5632.500	1.905	-0.007
5632.578	1.905	-0.007
5632.669	1.905	-0.007
5632.748	1.905	-0.007
5632.838	1.905	-0.007
5632.917	1.905	-0.007
5632.994	1.905	-0.007
5633.086	1.905	-0.007
5633.164	1.904	-0.007
5633.255	1.904	-0.007
5633.333	1.903	-0.007
5633.411	1.905	-0.007
5633.502	1.904	-0.007
5633.581	1.905	-0.007
5633.672	1.903	-0.007
5633.750	1.902	-0.007
5633.828	1.904	-0.007
5633.919	1.901	-0.007
5633.998	1.901	-0.007
5634.088	1.902	-0.007
5634.167	1.903	-0.007
5634.244	1.901	-0.007
5634.336	1.902	-0.007
5634.414	1.903	-0.007
5634.505	1.900	-0.007
5634.583	1.900	-0.007
5634.661	1.900	-0.007
5634.752	1.900	-0.007
5634.831	1.900	-0.007
5634.922	1.900	-0.006
5635.000	1.900	-0.007
5635.078	1.900	-0.006
5635.169	1.900	-0.007
5635.260	1.900	-0.006
5635.338	1.900	-0.006
5635.417	1.900	-0.007
5635.494	1.900	-0.007
5635.586	1.900	-0.006
5635.664	1.900	-0.006
5635.755	1.900	-0.007
5635.833	1.899	-0.007
5635.911	1.897	-0.006
5636.002	1.895	-0.006
5636.081	1.895	-0.006
5636.172	1.895	-0.006
5636.250	1.895	-0.006
5636.328	1.895	-0.004
5636.419	1.895	-0.006
5636.498	1.895	-0.004
5636.588	1.895	-0.006
5636.667	1.895	-0.003
5636.744	1.895	-0.006
5636.836	1.895	-0.006
5636.914	1.895	-0.006
5637.005	1.894	-0.004
5637.083	1.895	-0.004
5637.161	1.891	-0.003
5637.252	1.893	-0.003
5637.331	1.891	-0.004
5637.422	1.891	-0.002
5637.500	1.890	-0.002
5637.578	1.890	-0.003
5637.669	1.890	-0.002
5637.748	1.890	-0.002
5637.838	1.890	-0.003
5637.917	1.888	-0.003
5637.994	1.887	-0.002
5638.086	1.886	-0.002
5638.164	1.885	-0.002
5638.255	1.886	-0.002
5638.333	1.885	-0.002
5638.411	1.885	-0.002
5638.502	1.885	-0.002
5638.581	1.885	-0.002
5638.672	1.885	-0.002
5638.750	1.885	-0.002
5638.828	1.884	-0.002
5638.919	1.885	-0.002
5638.998	1.884	-0.002
5639.088	1.880	-0.001
5639.167	1.881	-0.002
5639.257	1.880	-0.002
5639.336	1.880	-0.002
5639.414	1.880	-0.002
5639.505	1.880	-0.002
5639.583	1.880	0.000
5639.661	1.880	-0.002
5639.752	1.880	-0.001
5639.831	1.880	-0.002
5639.922	1.880	-0.002
5640.000	1.879	-0.001
5640.078	1.877	-0.002
5640.169	1.876	-0.001
5640.260	1.874	-0.002
5640.338	1.874	-0.001
5640.417	1.874	-0.002
5640.494	1.874	-0.001
5640.586	1.874	-0.002
5640.664	1.873	-0.002
5640.755	1.872	-0.002
5640.833	1.872	-0.002
5640.911	1.870	-0.002
5641.002	1.871	-0.001
5641.081	1.869	-0.001
5641.172	1.869	-0.002
5641.250	1.869	-0.001
5641.328	1.869	-0.002
5641.419	1.869	-0.001
5641.498	1.869	-0.001
5641.588	1.869	-0.002
5641.667	1.869	-0.002
5641.744	1.869	-0.001
5641.836	1.867	0.000
5641.914	1.865	0.001
5642.005	1.864	-0.001
5642.083	1.864	0.000
5642.161	1.864	-0.001
5642.252	1.861	-0.000
5642.331	1.860	0.000
5642.422	1.859	-0.001
5642.500	1.860	0.000
5642.578	1.859	-0.001
5642.669	1.859	-0.000
5642.748	1.859	0.000
5642.838	1.859	0.001
5642.917	1.859	0.000
5642.994	1.859	-0.000
5643.086	1.859	0.002
5643.164	1.858	0.000
5643.255	1.858	0.002
5643.333	1.857	0.002
5643.411	1.859	0.000
5643.502	1.857	-0.000
5643.581	1.855	0.000
5643.672	1.854	0.001
5643.750	1.854	-0.000
5643.828	1.854	0.001
5643.919	1.854	0.000
5643.998	1.854	-0.000
5644.088	1.853	-0.000
5644.167	1.853	0.001
5644.244	1.853	0.000
5644.336	1.853	0.001
5644.414	1.851	0.001
5644.505	1.850	0.000
5644.583	1.849	0.001
5644.661	1.849	0.001
5644.752	1.849	0.000
5644.831	1.849	0.001
5644.922	1.848	0.001
5645.000	1.844	0.000
5645.078	1.846	0.000
5645.169	1.846	0.001
5645.260	1.844	0.001
5645.338	1.844	0.001
5645.417	1.844	-0.000
5645.494	1.843	-0.001
5645.586	1.844	0.000
5645.664	1.842	0.001
5645.755	1.842	-0.001
5645.833	1.840	-0.000
5645.911	1.839	-0.000
5646.002	1.839	-0.001
5646.081	1.839	0.001
5646.172	1.839	-0.000
5646.250	1.839	0.001
5646.328	1.839	-0.000
5646.419	1.838	-0.001
5646.498	1.838	-0.002
5646.588	1.838	-0.002
5646.667	1.838	-0.000
5646.744	1.835	0.000
5646.836	1.835	-0.001
5646.914	1.835	-0.000
5647.005	1.834	-0.002
5647.083	1.834	-0.001
5647.161	1.834	-0.002
5647.252	1.834	-0.000
5647.331	1.834	-0.000
5647.422	1.834	-0.001
5647.500	1.834	-0.001
5647.578	1.834	-0.001
5647.669	1.834	-0.001
5647.748	1.832	-0.001
5647.838	1.832	-0.001
5647.917	1.830	-0.002
5647.994	1.830	-0.002
5648.086	1.829	-0.002
5648.164	1.829	-0.001
5648.255	1.829	-0.002
5648.333	1.829	-0.002
5648.411	1.829	-0.002
5648.502	1.829	-0.002
5648.581	1.829	-0.002
5648.672	1.829	-0.002
5648.750	1.829	-0.002
5648.828	1.829	-0.002
5648.919	1.829	-0.002
5648.998	1.829	-0.002
5649.088	1.829	-0.001
5649.167	1.828	-0.002
5649.244	1.826	-0.002
5649.336	1.825	-0.002
5649.414	1.826	-0.002
5649.505	1.825	-0.002
5649.583	1.823	-0.002
5649.661	1.823	-0.002
5649.752	1.823	-0.002
5649.831	1.823	-0.002
5649.922	1.823	-0.002
5650.000	1.823	-0.002
5650.078	1.823	-0.002
5650.169	1.823	-0.002
5650.260	1.823	-0.002
5650.338	1.823	-0.002
5650.417	1.823	-0.002
5650.494	1.820	-0.002
5650.586	1.818	-0.002
5650.664	1.818	-0.002
5650.755	1.818	-0.002
5650.833	1.818	-0.002
5650.911	1.818	-0.003
5651.002	1.818	-0.002
5651.081	1.818	-0.003
5651.172	1.818	-0.005
5651.250	1.818	-0.004
5651.328	1.818	-0.002
5651.419	1.818	-0.003
5651.498	1.818	-0.002
5651.588	1.818	-0.005
5651.667	1.818	-0.004
5651.744	1.818	-0.004
5651.836	1.818	-0.003
5651.914	1.817	-0.003
5652.005	1.818	-0.006
5652.083	1.818	-0.005
5652.161	1.817	-0.006
5652.252	1.818	-0.006
5652.331	1.816	-0.006
5652.422	1.816	-0.006
5652.500	1.817	-0.005
5652.578	1.818	-0.006
5652.669	1.817	-0.005
5652.748	1.817	-0.005
5652.838	1.813	-0.006
5652.917	1.816	-0.005
5652.994	1.815	-0.006
5653.086	1.813	-0.006
5653.164	1.813	-0.005
5653.255	1.813	-0.006
5653.333	1.813	-0.006
5653.411	1.813	-0.006
5653.502	1.813	-0.007
5653.581	1.813	-0.006
5653.672	1.813	-0.006
5653.750	1.814	-0.006
5653.828	1.813	-0.006
5653.919	1.813	-0.007
5653.998	1.813	-0.007
5654.075	1.813	-0.007
5654.167	1.813	-0.007
5654.244	1.813	-0.007
5654.336	1.813	-0.007
5654.414	1.813	-0.007
5654.505	1.813	-0.007
5654.583	1.813	-0.007
5654.661	1.813	-0.007
5654.752	1.813	-0.007
5654.831	1.813	-0.007
5654.908	1.813	-0.007
5655.000	1.813	-0.007
5655.078	1.813	-0.007
5655.169	1.813	-0.007
5655.260	1.813	-0.007
5655.325	1.813	-0.007
5655.417	1.813	-0.007
5655.494	1.813	-0.007
5655.586	1.813	-0.007
5655.664	1.813	-0.007
5655.742	1.813	-0.007
5655.833	1.813	-0.007
5655.911	1.813	-0.007
5656.002	1.812	-0.007
5656.081	1.813	-0.007
5656.172	1.813	-0.007
5656.250	1.813	-0.007
5656.328	1.813	-0.007
5656.419	1.813	-0.007
5656.498	1.813	-0.007
5656.588	1.812	-0.007
5656.667	1.812	-0.007
5656.744	1.813	-0.008
5656.836	1.813	-0.007
5656.914	1.813	-0.007
5656.992	1.813	-0.007
5657.083	1.813	-0.007
5657.161	1.813	-0.007
5657.252	1.813	-0.007
5657.331	1.813	-0.007
5657.422	1.812	-0.007
5657.500	1.813	-0.007
5657.578	1.812	-0.008
5657.669	1.812	-0.007
5657.748	1.812	-0.007
5657.838	1.813	-0.007
5657.917	1.812	-0.007
5657.994	1.813	-0.007
5658.086	1.813	-0.007
5658.164	1.812	-0.007
5658.255	1.810	-0.007
5658.333	1.811	-0.007
5658.411	1.812	-0.008
5658.502	1.810	-0.007
5658.581	1.810	-0.007
5658.658	1.812	-0.007
5658.750	1.811	-0.007
5658.828	1.811	-0.007
5658.919	1.810	-0.007
5658.998	1.812	-0.008
5659.088	1.809	-0.008
5659.167	1.812	-0.007
5659.244	1.808	-0.008
5659.336	1.810	-0.007
5659.414	1.809	-0.007
5659.492	1.808	-0.007
5659.583	1.810	-0.007
5659.661	1.808	-0.007
5659.752	1.809	-0.007
5659.831	1.808	-0.007
5659.908	1.808	-0.007
5660.000	1.808	-0.007
5660.078	1.808	-0.008
5660.169	1.808	-0.007
5660.260	1.808	-0.007
5660.338	1.808	-0.007
5660.417	1.808	-0.007
5660.494	1.808	-0.007
5660.586	1.808	-0.007
5660.664	1.808	-0.007
5660.755	1.808	-0.007
5660.833	1.808	-0.007
5660.911	1.808	-0.007
5661.002	1.808	-0.007
5661.081	1.808	-0.007
5661.172	1.808	-0.007
5661.250	1.808	-0.007
5661.328	1.808	-0.007
5661.419	1.808	-0.007
5661.498	1.808	-0.007
5661.588	1.807	-0.007
5661.667	1.808	-0.007
5661.744	1.808	-0.007
5661.836	1.806	-0.007
5661.914	1.805	-0.006
5662.005	1.806	-0.007
5662.083	1.803	-0.007
5662.161	1.804	-0.007
5662.252	1.804	-0.007
5662.331	1.803	-0.006
5662.422	1.803	-0.006
5662.500	1.803	-0.007
5662.578	1.803	-0.007
5662.669	1.803	-0.006
5662.748	1.803	-0.006
5662.838	1.803	-0.007
5662.917	1.803	-0.007
5662.994	1.802	-0.007
5663.086	1.801	-0.006
5663.164	1.801	-0.007
5663.255	1.801	-0.007
5663.333	1.802	-0.006
5663.411	1.799	-0.006
5663.502	1.800	-0.006
5663.581	1.799	-0.006
5663.672	1.798	-0.007
5663.750	1.798	-0.006
5663.828	1.798	-0.006
5663.919	1.798	-0.006
5663.998	1.798	-0.005
5664.088	1.798	-0.004
5664.167	1.798	-0.006
5664.244	1.798	-0.005
5664.336	1.798	-0.006
5664.414	1.798	-0.005
5664.492	1.798	-0.003
5664.583	1.798	-0.002
5664.661	1.798	-0.004
5664.752	1.798	-0.003
5664.831	1.798	-0.003
5664.922	1.797	-0.002
5665.000	1.795	-0.003
5665.078	1.793	-0.003
5665.169	1.793	-0.004
5665.248	1.793	-0.002
5665.325	1.793	-0.002
5665.417	1.793	-0.002
5665.494	1.793	-0.002
5665.586	1.793	-0.002
5665.664	1.793	-0.002
5665.755	1.793	-0.002
5665.833	1.793	-0.002
5665.911	1.792	-0.002
5666.002	1.793	-0.002
5666.081	1.792	-0.002
5666.172	1.789	-0.002
5666.250	1.788	-0.002
5666.328	1.789	-0.002
5666.419	1.788	-0.002
5666.498	1.788	-0.002
5666.588	1.788	-0.002
5666.667	1.788	-0.002
5666.744	1.788	-0.002
5666.836	1.788	-0.002
5666.914	1.788	-0.002
5666.992	1.788	-0.002
5667.083	1.788	-0.002
5667.161	1.788	-0.002
5667.252	1.786	-0.002
5667.331	1.787	-0.002
5667.422	1.783	-0.001
5667.500	1.783	-0.002
5667.578	1.783	-0.002
5667.669	1.782	-0.002
5667.748	1.780	-0.002
5667.838	1.780	-0.002
5667.917	1.778	-0.002
5667.994	1.778	-0.002
5668.086	1.778	-0.001
5668.164	1.778	-0.001
5668.242	1.778	-0.002
5668.333	1.778	-0.000
5668.411	1.777	-0.000
5668.502	1.776	-0.000
5668.581	1.774	-0.001
5668.658	1.773	-0.002
5668.750	1.772	-0.001
5668.828	1.772	-0.000
5668.919	1.772	-0.001
5668.998	1.772	-0.000
5669.075	1.772	-0.001
5669.167	1.772	0.000
5669.244	1.769	0.000
5669.336	1.771	-0.001
5669.414	1.768	0.000
5669.505	1.767	0.001
5669.583	1.767	0.000
5669.661	1.767	0.000
5669.752	1.767	-0.001
5669.831	1.766	0.001
5669.908	1.763	0.002
5670.000	1.762	0.001
5670.078	1.762	0.001
5670.169	1.762	0.001
5670.248	1.762	0.003
5670.325	1.762	0.003
5670.417	1.761	0.002
5670.494	1.761	0.002
5670.586	1.761	0.003
5670.664	1.759	0.001
5670.742	1.760	0.003
5670.833	1.758	0.003
5670.911	1.759	0.003
5671.002	1.757	0.001
5671.081	1.757	0.003
5671.158	1.757	0.002
5671.250	1.757	0.003
5671.328	1.757	0.003
5671.419	1.755	0.003
5671.498	1.755	0.002
5671.575	1.755	0.003
5671.667	1.753	0.000
5671.744	1.752	0.003
5671.836	1.753	0.003
5671.914	1.753	0.003
5671.992	1.752	0.003
5672.083	1.752	0.003
5672.161	1.751	0.003
5672.252	1.752	0.003
5672.331	1.751	0.003
5672.408	1.752	0.003
5672.500	1.749	0.002
5672.578	1.748	0.003
5672.669	1.748	0.003
5672.748	1.747	0.003
5672.825	1.747	0.003
5672.917	1.747	0.003
5672.994	1.747	0.002
5673.086	1.747	0.003
5673.164	1.744	0.003
5673.242	1.744	0.003
5673.333	1.743	0.003
5673.411	1.744	0.003
5673.502	1.743	0.003
5673.581	1.742	0.003
5673.658	1.741	0.002
5673.750	1.741	0.003
5673.828	1.739	0.003
5673.919	1.741	0.003
5673.998	1.739	0.002
5674.075	1.738	0.000
5674.167	1.737	0.002
5674.244	1.737	0.002
5674.336	1.737	0.002
5674.414	1.737	0.001
5674.492	1.737	0.001
5674.583	1.737	0.001
5674.661	1.736	0.001
5674.752	1.737	0.000
5674.831	1.736	0.003
5674.908	1.734	0.002
5675.000	1.734	0.001
5675.078	1.735	0.002
5675.169	1.732	0.001
5675.248	1.732	0.002
5675.325	1.732	0.001
5675.417	1.732	0.000
5675.494	1.732	0.002
5675.586	1.732	0.000
5675.664	1.732	-0.000
5675.742	1.732	0.000
5675.833	1.730	-0.000
5675.911	1.727	0.000
5676.002	1.727	0.001
5676.081	1.727	-0.000
5676.158	1.727	0.001
5676.250	1.727	0.000
5676.328	1.727	-0.001
5676.419	1.727	-0.001
5676.498	1.726	-0.001
5676.575	1.726	-0.002
5676.667	1.725	-0.000
5676.744	1.724	-0.001
5676.836	1.722	-0.001
5676.914	1.722	-0.002
5676.992	1.722	-0.001
5677.083	1.722	-0.002
5677.161	1.722	-0.002
5677.252	1.722	-0.002
5677.331	1.722	-0.002
5677.408	1.722	-0.002
5677.500	1.719	-0.002
5677.578	1.719	-0.002
5677.669	1.717	-0.002
5677.748	1.719	-0.002
5677.825	1.718	-0.001
5677.917	1.719	-0.002
5677.994	1.716	-0.002
5678.086	1.716	-0.002
5678.164	1.717	-0.002
5678.242	1.717	-0.002
5678.333	1.716	-0.002
5678.411	1.716	-0.002
5678.502	1.716	-0.002
5678.581	1.716	-0.002
5678.658	1.716	-0.002
5678.750	1.716	-0.002
5678.828	1.716	-0.002
5678.919	1.716	-0.002
5678.998	1.715	-0.002
5679.075	1.716	-0.002
5679.167	1.714	-0.002
5679.244	1.716	-0.002
5679.336	1.716	-0.002
5679.414	1.716	-0.002
5679.492	1.714	-0.003
5679.583	1.713	-0.002
5679.661	1.713	-0.002
5679.752	1.711	-0.003
5679.831	1.711	-0.003
5679.908	1.711	-0.003
5680.000	1.711	-0.004
5680.078	1.711	-0.002
5680.169	1.711	-0.004
5680.248	1.711	-0.003
5680.338	1.711	-0.004
5680.417	1.711	-0.005
5680.494	1.711	-0.004
5680.586	1.711	-0.004
5680.664	1.711	-0.005
5680.742	1.711	-0.005
5680.833	1.711	-0.006
5680.911	1.711	-0.006
5681.002	1.711	-0.006
5681.081	1.711	-0.005
5681.158	1.711	-0.006
5681.250	1.711	-0.006
5681.328	1.711	-0.007
5681.419	1.710	-0.007
5681.498	1.711	-0.007
5681.575	1.711	-0.007
5681.667	1.711	-0.006
5681.744	1.711	-0.006
5681.836	1.711	-0.006
5681.914	1.711	-0.006
5681.992	1.710	-0.007
5682.083	1.710	-0.007
5682.161	1.710	-0.007
5682.252	1.711	-0.006
5682.331	1.711	-0.006
5682.408	1.710	-0.007
5682.500	1.710	-0.007
5682.578	1.709	-0.007
5682.669	1.710	-0.007
5682.748	1.709	-0.007
5682.825	1.709	-0.007
5682.917	1.710	-0.007
5682.994	1.710	-0.007
5683.086	1.710	-0.007
5683.164	1.706	-0.007
5683.242	1.708	-0.007
5683.333	1.710	-0.007
5683.411	1.709	-0.007
5683.502	1.707	-0.007
5683.581	1.708	-0.007
5683.658	1.709	-0.007
5683.750	1.709	-0.007
5683.828	1.710	-0.007
5683.919	1.706	-0.007
5683.998	1.709	-0.007
5684.075	1.706	-0.007
5684.167	1.707	-0.007
5684.244	1.706	-0.007
5684.336	1.706	-0.007
5684.414	1.707	-0.007
5684.492	1.706	-0.007
5684.583	1.706	-0.007
5684.661	1.707	-0.007
5684.752	1.706	-0.007
5684.831	1.706	-0.007
5684.908	1.706	-0.007
5685.000	1.706	-0.007
5685.078	1.706	-0.007
5685.169	1.706	-0.007
5685.248	1.706	-0.007
5685.325	1.706	-0.007
5685.417	1.706	-0.008
5685.494	1.706	-0.007
5685.586	1.706	-0.007
5685.664	1.706	-0.007
5685.742	1.706	-0.007
5685.833	1.706	-0.007
5685.911	1.706	-0.007
5686.002	1.706	-0.007
5686.081	1.706	-0.007
5686.158	1.706	-0.007
5686.250	1.706	-0.007
5686.328	1.706	-0.007
5686.419	1.706	-0.007
5686.498	1.706	-0.007
5686.575	1.706	-0.007
5686.667	1.706	-0.007
5686.744	1.706	-0.008
5686.836	1.706	-0.007
5686.914	1.706	-0.007
5686.992	1.706	-0.007
5687.083	1.706	-0.007
5687.161	1.706	-0.007
5687.252	1.706	-0.007
5687.331	1.706	-0.007
5687.408	1.706	-0.007
5687.500	1.706	-0.008
5687.578	1.706	-0.007
5687.669	1.706	-0.007
5687.748	1.706	-0.007
5687.825	1.706	-0.007
5687.917	1.706	-0.008
5687.994	1.706	-0.007
5688.086	1.706	-0.007
5688.164	1.706	-0.007
5688.242	1.706	-0.008
5688.333	1.706	-0.007
5688.411	1.706	-0.007
5688.502	1.706	-0.007
5688.581	1.706	-0.007
5688.658	1.706	-0.007
5688.750	1.704	-0.007
5688.828	1.705	-0.007
5688.919	1.704	-0.007
5688.998	1.705	-0.007
5689.075	1.706	-0.007
5689.167	1.704	-0.007
5689.244	1.705	-0.007
5689.336	1.703	-0.007
5689.414	1.705	-0.007
5689.492	1.704	-0.007
5689.583	1.703	-0.007
5689.661	1.703	-0.007
5689.752	1.704	-0.007
5689.831	1.701	-0.007
5689.908	1.701	-0.007
5690.000	1.701	-0.007
5690.078	1.701	-0.007
5690.169	1.701	-0.007
5690.248	1.701	-0.007
5690.338	1.701	-0.007
5690.417	1.700	-0.007
5690.494	1.701	-0.007
5690.586	1.701	-0.007
5690.664	1.701	-0.007
5690.742	1.701	-0.007
5690.833	1.700	-0.006
5690.911	1.701	-0.007
5691.002	1.700	-0.007
5691.081	1.700	-0.007
5691.158	1.699	-0.007
5691.250	1.696	-0.007
5691.328	1.696	-0.007
5691.419	1.697	-0.007
5691.498	1.696	-0.007
5691.575	1.696	-0.006
5691.667	1.696	-0.006
5691.744	1.696	-0.007
5691.836	1.696	-0.007
5691.914	1.696	-0.006
5691.992	1.696	-0.006
5692.083	1.696	-0.007
5692.161	1.696	-0.006
5692.252	1.696	-0.005
5692.331	1.696	-0.006
5692.408	1.696	-0.006
5692.500	1.696	-0.006
5692.578	1.694	-0.003
5692.669	1.696	-0.006
5692.748	1.694	-0.002
5692.825	1.693	-0.004
5692.917	1.694	-0.003
5692.994	1.692	-0.005
5693.086	1.692	-0.004
5693.164	1.691	-0.004
5693.242	1.691	-0.003
5693.333	1.691	-0.003
5693.411	1.691	-0.004
5693.502	1.691	-0.002
5693.581	1.691	-0.004
5693.658	1.691	-0.003
5693.750	1.691	-0.003
5693.828	1.691	-0.002
5693.919	1.691	-0.002
5693.998	1.690	-0.002
5694.075	1.688	-0.002
5694.167	1.687	-0.002
5694.244	1.686	-0.003
5694.336	1.686	-0.002
5694.414	1.686	-0.002
5694.492	1.686	-0.002
5694.583	1.686	-0.002
5694.661	1.686	-0.002
5694.752	1.685	-0.002
5694.831	1.683	-0.002
5694.908	1.682	-0.002
5695.000	1.682	-0.002
5695.078	1.681	-0.002
5695.169	1.681	-0.002
5695.248	1.681	-0.002
5695.325	1.681	-0.002
5695.417	1.681	-0.002
5695.494	1.681	-0.002
5695.586	1.679	-0.002
5695.664	1.676	-0.002
5695.742	1.676	-0.002
5695.833	1.678	-0.002
5695.911	1.676	-0.002
5696.002	1.676	-0.002
5696.081	1.676	-0.001
5696.158	1.676	-0.002
5696.250	1.676	-0.001
5696.328	1.676	-0.002
5696.419	1.674	-0.002
5696.498	1.675	-0.002
5696.575	1.673	-0.002
5696.667	1.671	-0.002
5696.744	1.671	-0.002
5696.836	1.671	-0.002
5696.914	1.671	-0.001
5696.992	1.671	-0.002
5697.083	1.671	-0.002
5697.161	1.671	-0.002
5697.252	1.671	0.000
5697.331	1.671	-0.000
5697.408	1.669	0.001
5697.500	1.669	0.001
5697.578	1.667	-0.000
5697.669	1.666	-0.000
5697.748	1.665	0.000
5697.825	1.665	-0.001
5697.917	1.665	0.001
5697.994	1.665	-0.000
5698.086	1.665	-0.000
5698.164	1.664	0.000
5698.242	1.661	0.002
5698.333	1.661	0.002
5698.411	1.660	0.001
5698.502	1.660	0.002
5698.581	1.660	0.001
5698.658	1.660	0.002
5698.750	1.660	0.001
5698.828	1.659	0.003
5698.919	1.659	0.002
5698.998	1.655	0.001
5699.075	1.655	0.002
5699.167	1.655	0.002
5699.244	1.655	0.000
5699.336	1.655	0.003
5699.414	1.655	0.003
5699.492	1.655	0.001
5699.583	1.653	0.003
5699.661	1.654	0.003
5699.752	1.651	0.003
5699.831	1.651	0.002
5699.908	1.650	0.002
5700.000	1.651	0.003
5700.078	1.650	0.003
5700.169	1.650	0.001
5700.248	1.650	0.002
5700.338	1.650	0.003
5700.417	1.649	0.001
5700.494	1.648	0.001
5700.586	1.647	0.003
5700.664	1.645	0.001
5700.742	1.645	0.003
5700.833	1.645	0.003
5700.911	1.645	0.003
5701.002	1.644	0.003
5701.081	1.643	0.003
5701.158	1.645	0.002
5701.250	1.642	0.002
5701.328	1.640	0.003
5701.419	1.641	0.003
5701.498	1.640	0.002
5701.575	1.640	0.002
5701.667	1.640	0.003
5701.744	1.640	0.003
5701.836	1.640	0.002
5701.914	1.639	0.003
5701.992	1.637	0.003
5702.083	1.636	0.002
5702.161	1.635	0.003
5702.252	1.635	0.003
5702.331	1.635	0.003
5702.408	1.635	0.003
5702.500	1.635	0.002
5702.578	1.635	0.003
5702.669	1.635	0.002
5702.748	1.634	0.003
5702.825	1.635	0.003
5702.917	1.634	0.002
5702.994	1.633	0.002
5703.086	1.633	0.003
5703.164	1.631	0.002
5703.242	1.630	0.002
5703.333	1.630	0.002
5703.411	1.631	0.000
5703.502	1.630	0.002
5703.581	1.630	0.001
5703.658	1.629	0.001
5703.750	1.629	-0.002
5703.828	1.628	0.001
5703.919	1.627	0.002
5703.998	1.625	0.002
5704.075	1.626	0.000
5704.167	1.625	0.000
5704.244	1.625	-0.001
5704.336	1.625	-0.002
5704.414	1.625	-0.000
5704.492	1.625	-0.000
5704.583	1.625	-0.002
5704.661	1.625	-0.001
5704.752	1.625	-0.002
5704.831	1.625	-0.002
5704.908	1.624	-0.002
5705.000	1.625	-0.001
5705.078	1.625	-0.002
5705.169	1.623	-0.000
5705.248	1.624	-0.001
5705.325	1.624	-0.002
5705.417	1.621	-0.002
5705.494	1.620	-0.001
5705.586	1.620	-0.002
5705.664	1.620	-0.002
5705.742	1.620	-0.002
5705.833	1.620	-0.002
5705.911	1.620	-0.002
5706.002	1.620	-0.002
5706.081	1.620	-0.002
5706.158	1.620	-0.002
5706.250	1.620	-0.002
5706.328	1.616	-0.002
5706.419	1.615	-0.002
5706.498	1.615	-0.002
5706.575	1.614	-0.002
5706.667	1.614	-0.002
5706.744	1.614	-0.002
5706.836	1.614	-0.002
5706.914	1.614	-0.002
5706.992	1.614	-0.002
5707.083	1.614	-0.002
5707.161	1.614	-0.002
5707.252	1.614	-0.002
5707.331	1.614	-0.002
5707.408	1.614	-0.002
5707.500	1.614	-0.003
5707.578	1.614	-0.003
5707.669	1.614	-0.002
5707.748	1.614	-0.003
5707.825	1.614	-0.003
5707.917	1.613	-0.002
5707.994	1.614	-0.002
5708.086	1.612	-0.002
5708.164	1.614	-0.004
5708.242	1.614	-0.005
5708.333	1.609	-0.004
5708.411	1.610	-0.005
5708.502	1.611	-0.002
5708.581	1.610	-0.006
5708.658	1.609	-0.005
5708.750	1.611	-0.004
5708.828	1.610	-0.005
5708.919	1.609	-0.004
5708.998	1.609	-0.004
5709.075	1.609	-0.006
5709.167	1.609	-0.007
5709.244	1.609	-0.006
5709.336	1.609	-0.007
5709.414	1.609	-0.006
5709.492	1.609	-0.006
5709.583	1.609	-0.007
5709.661	1.609	-0.007
5709.752	1.609	-0.006
5709.831	1.609	-0.007
5709.908	1.609	-0.006
5710.000	1.608	-0.006
5710.078	1.609	-0.007
5710.169	1.608	-0.006
5710.248	1.608	-0.007
5710.338	1.609	-0.006
5710.417	1.608	-0.007
5710.494	1.607	-0.007
5710.586	1.609	-0.006
5710.664	1.607	-0.007
5710.742	1.608	-0.007
5710.833	1.609	-0.007
5710.911	1.607	-0.007
5711.002	1.608	-0.007
5711.081	1.605	-0.007
5711.158	1.608	-0.007
5711.250	1.607	-0.007
5711.328	1.608	-0.007
5711.419	1.605	-0.007
5711.498	1.607	-0.007
5711.575	1.606	-0.007
5711.667	1.607	-0.007
5711.744	1.607	-0.007
5711.836	1.608	-0.007
5711.914	1.605	-0.007
5711.992	1.604	-0.007
5712.083	1.605	-0.007
5712.161	1.605	-0.007
5712.252	1.604	-0.007
5712.331	1.604	-0.007
5712.408	1.607	-0.007
5712.500	1.606	-0.007
5712.578	1.606	-0.007
5712.669	1.604	-0.007
5712.748	1.604	-0.007
5712.825	1.604	-0.007
5712.917	1.606	-0.007
5712.994	1.605	-0.007
5713.086	1.604	-0.007
5713.164	1.604	-0.007
5713.242	1.604	-0.007
5713.333	1.605	-0.007
5713.411	1.604	-0.007
5713.502	1.604	-0.007
5713.581	1.604	-0.007
5713.658	1.604	-0.007
5713.750	1.605	-0.007
5713.828	1.604	-0.007
5713.919	1.604	-0.007
5713.998	1.604	-0.007
5714.075	1.604	-0.007
5714.167	1.604	-0.007
5714.244	1.604	-0.007
5714.322	1.604	-0.008
5714.414	1.604	-0.007
5714.492	1.604	-0.007
5714.583	1.604	-0.009
5714.661	1.604	-0.007
5714.739	1.604	-0.008
5714.831	1.604	-0.008
5714.908	1.604	-0.007
5715.000	1.604	-0.007
5715.078	1.604	-0.007
5715.156	1.604	-0.008
5715.248	1.604	-0.008
5715.325	1.604	-0.007
5715.417	1.604	-0.007
5715.494	1.604	-0.008
5715.572	1.604	-0.007
5715.664	1.604	-0.007
5715.742	1.604	-0.007
5715.833	1.603	-0.007
5715.911	1.604	-0.007
5715.989	1.604	-0.007
5716.081	1.604	-0.007
5716.158	1.604	-0.007
5716.250	1.604	-0.007
5716.328	1.604	-0.007
5716.406	1.604	-0.007
5716.498	1.604	-0.007
5716.575	1.604	-0.007
5716.667	1.603	-0.007
5716.744	1.604	-0.007
5716.822	1.604	-0.007
5716.914	1.603	-0.007
5716.992	1.604	-0.007
5717.083	1.603	-0.007
5717.161	1.603	-0.007
5717.239	1.603	-0.007
5717.331	1.603	-0.007
5717.408	1.602	-0.007
5717.500	1.603	-0.007
5717.578	1.603	-0.007
5717.656	1.603	-0.007
5717.748	1.601	-0.007
5717.825	1.599	-0.007
5717.917	1.603	-0.007
5717.994	1.603	-0.007
5718.086	1.600	-0.007
5718.164	1.600	-0.007
5718.242	1.599	-0.007
5718.333	1.600	-0.007
5718.411	1.599	-0.007
5718.489	1.599	-0.007
5718.581	1.599	-0.007
5718.658	1.599	-0.007
5718.750	1.599	-0.007
5718.828	1.599	-0.007
5718.906	1.599	-0.007
5718.998	1.599	-0.007
5719.075	1.599	-0.007
5719.167	1.599	-0.007
5719.244	1.599	-0.007
5719.322	1.599	-0.007
5719.414	1.599	-0.007
5719.492	1.599	-0.007
5719.583	1.599	-0.007
5719.661	1.599	-0.007
5719.739	1.599	-0.006
5719.831	1.598	-0.007
5719.908	1.597	-0.007
5720.000	1.598	-0.007
5720.078	1.599	-0.007
5720.169	1.597	-0.007
5720.248	1.598	-0.007
5720.338	1.597	-0.007
5720.417	1.597	-0.006
5720.494	1.596	-0.006
5720.586	1.594	-0.007
5720.664	1.594	-0.007
5720.742	1.594	-0.007
5720.833	1.594	-0.007
5720.911	1.594	-0.007
5721.002	1.594	-0.007
5721.081	1.594	-0.006
5721.158	1.594	-0.006
5721.250	1.594	-0.006
5721.328	1.594	-0.006
5721.419	1.594	-0.007
5721.498	1.594	-0.006
5721.575	1.594	-0.007
5721.667	1.594	-0.007
5721.744	1.594	-0.007
5721.836	1.594	-0.006
5721.914	1.593	-0.006
5721.992	1.594	-0.005
5722.083	1.592	-0.006
5722.161	1.593	-0.006
5722.252	1.592	-0.004
5722.331	1.592	-0.006
5722.408	1.591	-0.006
5722.500	1.589	-0.006
5722.578	1.590	-0.007
5722.669	1.590	-0.006
5722.748	1.590	-0.004
5722.825	1.589	-0.005
5722.917	1.589	-0.005
5722.994	1.589	-0.003
5723.086	1.589	-0.004
5723.164	1.589	-0.005
5723.242	1.589	-0.005
5723.333	1.589	-0.005
5723.411	1.589	-0.005
5723.502	1.589	-0.002
5723.581	1.589	-0.002
5723.658	1.588	-0.002
5723.750	1.589	-0.002
5723.828	1.587	-0.002
5723.919	1.587	-0.002
5723.998	1.586	-0.002
5724.075	1.586	-0.002
5724.167	1.584	-0.003
5724.244	1.584	-0.002
5724.336	1.585	-0.003
5724.414	1.584	-0.002
5724.492	1.584	-0.002
5724.583	1.584	-0.002
5724.661	1.584	-0.002
5724.752	1.584	-0.002
5724.831	1.584	-0.002
5724.908	1.581	-0.002
5725.000	1.581	-0.002
5725.078	1.579	-0.002
5725.169	1.579	-0.002
5725.248	1.579	-0.002
5725.325	1.579	-0.002
5725.417	1.579	-0.002
5725.494	1.579	-0.002
5725.586	1.575	-0.003
5725.664	1.574	-0.002
5725.742	1.574	-0.002
5725.833	1.574	-0.002
5725.911	1.574	-0.002
5726.002	1.574	-0.002
5726.081	1.574	-0.002
5726.158	1.574	-0.002
5726.250	1.574	-0.002
5726.328	1.573	-0.002
5726.419	1.572	-0.002
5726.498	1.572	-0.002
5726.575	1.569	-0.002
5726.667	1.569	-0.002
5726.744	1.569	-0.002
5726.822	1.569	-0.002
5726.914	1.569	-0.001
5726.992	1.569	-0.002
5727.083	1.569	-0.002
5727.161	1.569	-0.000
5727.239	1.568	-0.002
5727.331	1.568	-0.002
5727.408	1.566	-0.002
5727.500	1.566	-0.001
5727.578	1.564	-0.002
5727.656	1.563	-0.002
5727.748	1.563	-0.002
5727.825	1.563	-0.000
5727.917	1.563	-0.002
5727.994	1.563	-0.000
5728.086	1.560	0.000
5728.164	1.558	-0.001
5728.242	1.558	0.000
5728.333	1.558	0.000
5728.411	1.558	-0.000
5728.502	1.558	-0.000
5728.581	1.558	0.002
5728.658	1.558	0.000
5728.750	1.558	-0.001
5728.828	1.558	-0.000
5728.919	1.558	0.001
5728.998	1.555	-0.000
5729.075	1.555	0.000
5729.167	1.554	-0.000
5729.244	1.553	0.000
5729.336	1.553	0.002
5729.414	1.553	0.001
5729.492	1.553	0.001
5729.583	1.553	0.000
5729.661	1.552	0.000
5729.739	1.552	0.002
5729.831	1.551	0.001
5729.908	1.550	0.001
5730.000	1.549	0.000
5730.078	1.548	0.000
5730.156	1.548	0.001
5730.248	1.548	0.001
5730.325	1.548	-0.000
5730.417	1.548	-0.000
5730.494	1.546	0.000
5730.572	1.546	-0.000
5730.664	1.546	0.000
5730.742	1.545	0.001
5730.833	1.544	-0.001
5730.911	1.543	-0.000
5730.989	1.543	0.001
5731.081	1.543	-0.001
5731.158	1.543	0.001
5731.250	1.543	-0.001
5731.328	1.543	-0.000
5731.406	1.542	-0.000
5731.498	1.541	-0.002
5731.575	1.539	-0.001
5731.667	1.540	-0.000
5731.744	1.538	-0.000
5731.822	1.538	-0.001
5731.914	1.538	-0.001
5731.992	1.538	-0.000
5732.083	1.536	-0.000
5732.161	1.534	-0.001
5732.239	1.533	-0.002
5732.331	1.533	-0.002
5732.408	1.533	-0.002
5732.500	1.533	-0.001
5732.578	1.533	-0.002
5732.669	1.533	-0.001
5732.748	1.533	-0.002
5732.825	1.533	-0.002
5732.917	1.533	-0.002
5732.994	1.533	-0.002
5733.086	1.533	-0.002
5733.164	1.532	-0.001
5733.242	1.531	-0.000
5733.333	1.532	-0.002
5733.411	1.532	-0.002
5733.489	1.533	-0.002
5733.581	1.529	-0.001
5733.658	1.529	-0.002
5733.750	1.529	-0.002
5733.828	1.528	-0.002
5733.906	1.528	-0.002
5733.998	1.528	-0.002
5734.075	1.528	-0.002
5734.167	1.528	-0.002
5734.244	1.528	-0.002
5734.322	1.528	-0.002
5734.414	1.528	-0.002
5734.492	1.527	-0.002
5734.583	1.528	-0.002
5734.661	1.524	-0.002
5734.739	1.524	-0.002
5734.831	1.523	-0.002
5734.908	1.524	-0.001
5735.000	1.523	-0.002
5735.078	1.523	-0.002
5735.156	1.523	-0.002
5735.248	1.523	-0.002
5735.325	1.523	-0.002
5735.417	1.523	-0.002
5735.494	1.523	-0.002
5735.572	1.523	-0.002
5735.664	1.523	-0.002
5735.742	1.522	-0.002
5735.833	1.521	-0.002
5735.911	1.520	-0.002
5735.989	1.519	-0.002
5736.081	1.518	-0.002
5736.158	1.518	-0.002
5736.250	1.519	-0.002
5736.328	1.518	-0.002
5736.406	1.518	-0.002
5736.498	1.518	-0.002
5736.575	1.518	-0.002
5736.667	1.518	-0.002
5736.744	1.518	-0.002
5736.822	1.517	-0.004
5736.914	1.518	-0.002
5736.992	1.518	-0.002
5737.083	1.517	-0.002
5737.161	1.517	-0.002
5737.239	1.518	-0.002
5737.331	1.518	-0.002
5737.408	1.518	-0.003
5737.500	1.515	-0.002
5737.578	1.517	-0.002
5737.656	1.518	-0.003
5737.748	1.516	-0.003
5737.825	1.515	-0.002
5737.917	1.513	-0.002
5737.994	1.514	-0.003
5738.072	1.517	-0.003
5738.164	1.513	-0.003
5738.242	1.513	-0.003
5738.333	1.512	-0.003
5738.411	1.512	-0.003
5738.489	1.512	-0.003
5738.581	1.512	-0.003
5738.658	1.512	-0.003
5738.750	1.512	-0.006
5738.828	1.512	-0.004
5738.906	1.512	-0.004
5738.998	1.512	-0.004
5739.075	1.512	-0.006
5739.167	1.512	-0.004
5739.244	1.512	-0.005
5739.322	1.512	-0.005
5739.414	1.512	-0.006
5739.492	1.512	-0.004
5739.583	1.512	-0.005
5739.661	1.512	-0.006
5739.739	1.512	-0.006
5739.831	1.512	-0.006
5739.908	1.512	-0.006
5740.000	1.512	-0.007
5740.078	1.512	-0.006
5740.156	1.512	-0.007
5740.248	1.512	-0.007
5740.338	1.512	-0.007
5740.417	1.512	-0.007
5740.494	1.512	-0.007
5740.572	1.512	-0.006
5740.664	1.512	-0.007
5740.742	1.511	-0.007
5740.833	1.511	-0.007
5740.911	1.508	-0.007
5740.989	1.510	-0.007
5741.081	1.508	-0.007
5741.158	1.512	-0.007
5741.250	1.509	-0.007
5741.328	1.511	-0.006
5741.406	1.510	-0.007
5741.498	1.508	-0.007
5741.575	1.509	-0.007
5741.667	1.507	-0.007
5741.744	1.510	-0.007
5741.822	1.507	-0.007
5741.914	1.507	-0.007
5741.992	1.508	-0.007
5742.083	1.507	-0.007
5742.161	1.508	-0.007
5742.239	1.509	-0.007
5742.331	1.508	-0.007
5742.408	1.508	-0.007
5742.500	1.510	-0.007
5742.578	1.508	-0.007
5742.656	1.508	-0.007
5742.748	1.508	-0.007
5742.825	1.509	-0.007
5742.917	1.507	-0.007
5742.994	1.507	-0.007
5743.072	1.507	-0.007
5743.164	1.507	-0.007
5743.242	1.508	-0.007
5743.333	1.507	-0.007
5743.411	1.507	-0.007
5743.489	1.507	-0.007
5743.581	1.507	-0.008
5743.658	1.507	-0.007
5743.750	1.507	-0.007
5743.828	1.507	-0.007
5743.919	1.507	-0.007
5743.998	1.507	-0.007
5744.075	1.507	-0.007
5744.167	1.507	-0.007
5744.244	1.507	-0.007
5744.322	1.507	-0.007
5744.414	1.507	-0.007
5744.492	1.507	-0.007
5744.583	1.507	-0.007
5744.661	1.507	-0.007
5744.739	1.507	-0.007
5744.831	1.507	-0.008
5744.908	1.507	-0.007
5745.000	1.507	-0.007
5745.078	1.508	-0.007
5745.156	1.507	-0.007
5745.248	1.507	-0.007
5745.325	1.507	-0.007
5745.417	1.507	-0.007
5745.494	1.507	-0.007
5745.572	1.507	-0.007
5745.664	1.507	-0.007
5745.742	1.507	-0.007
5745.833	1.507	-0.007
5745.911	1.507	-0.007
5745.989	1.507	-0.007
5746.081	1.507	-0.007
5746.158	1.507	-0.007
5746.250	1.507	-0.007
5746.328	1.507	-0.007
5746.406	1.507	-0.007
5746.498	1.507	-0.007
5746.575	1.507	-0.007
5746.667	1.507	-0.007
5746.744	1.507	-0.007
5746.822	1.507	-0.007
5746.914	1.507	-0.007
5746.992	1.507	-0.007
5747.083	1.507	-0.007
5747.161	1.507	-0.007
5747.239	1.507	-0.007
5747.331	1.507	-0.007
5747.408	1.507	-0.007
5747.500	1.507	-0.007
5747.578	1.507	-0.007
5747.656	1.507	-0.007
5747.748	1.507	-0.007
5747.825	1.507	-0.007
5747.917	1.507	-0.007
5747.994	1.507	-0.007
5748.072	1.507	-0.007
5748.164	1.506	-0.007
5748.242	1.507	-0.007
5748.333	1.507	-0.007
5748.411	1.507	-0.007
5748.489	1.504	-0.007
5748.581	1.507	-0.007
5748.658	1.506	-0.007
5748.750	1.505	-0.007
5748.828	1.507	-0.007
5748.906	1.507	-0.007
5748.998	1.505	-0.007
5749.075	1.506	-0.007
5749.167	1.506	-0.007
5749.244	1.506	-0.007
5749.322	1.504	-0.007
5749.414	1.503	-0.007
5749.492	1.503	-0.007
5749.583	1.502	-0.007
5749.661	1.504	-0.007
5749.739	1.502	-0.007
5749.831	1.502	-0.007
5749.908	1.502	-0.007
5750.000	1.502	-0.007
5750.078	1.502	-0.007
5750.156	1.502	-0.007
5750.248	1.502	-0.007
5750.325	1.502	-0.007
5750.417	1.502	-0.007
5750.494	1.502	-0.007
5750.572	1.502	-0.007
5750.664	1.502	-0.007
5750.742	1.502	-0.007
5750.833	1.502	-0.007
5750.911	1.502	-0.007
5750.989	1.502	-0.007
5751.081	1.502	-0.007
5751.158	1.501	-0.007
5751.250	1.501	-0.007
5751.328	1.499	-0.007
5751.406	1.499	-0.007
5751.498	1.500	-0.007
5751.575	1.498	-0.007
5751.667	1.499	-0.007
5751.744	1.497	-0.006
5751.822	1.497	-0.007
5751.914	1.497	-0.006
5751.992	1.497	-0.006
5752.083	1.497	-0.006
5752.161	1.497	-0.007
5752.239	1.496	-0.007
5752.331	1.496	-0.006
5752.408	1.495	-0.006
5752.500	1.495	-0.006
5752.578	1.493	-0.004
5752.656	1.493	-0.006
5752.748	1.493	-0.005
5752.825	1.492	-0.006
5752.917	1.492	-0.006
5752.994	1.492	-0.006
5753.072	1.492	-0.003
5753.164	1.492	-0.005
5753.242	1.492	-0.005
5753.333	1.492	-0.003
5753.411	1.492	-0.003
5753.489	1.492	-0.004
5753.581	1.492	-0.002
5753.658	1.492	-0.002
5753.750	1.492	-0.002
5753.828	1.491	-0.002
5753.906	1.492	-0.002
5753.998	1.492	-0.002
5754.075	1.491	-0.002
5754.167	1.491	-0.003
5754.244	1.490	-0.002
5754.322	1.488	-0.002
5754.414	1.490	-0.002
5754.492	1.487	-0.002
5754.583	1.488	-0.002
5754.661	1.487	-0.002
5754.739	1.487	-0.002
5754.831	1.487	-0.002
5754.908	1.487	-0.002
5755.000	1.487	-0.002
5755.078	1.486	-0.002
5755.156	1.487	-0.002
5755.248	1.486	-0.002
5755.325	1.486	-0.002
5755.417	1.486	-0.002
5755.494	1.486	-0.002
5755.572	1.487	-0.002
5755.664	1.484	-0.002
5755.742	1.484	-0.002
5755.833	1.482	-0.002
5755.911	1.482	-0.002
5755.989	1.482	-0.002
5756.081	1.482	-0.002
5756.158	1.481	-0.001
5756.250	1.482	-0.001
5756.328	1.479	-0.002
5756.406	1.482	-0.002
5756.498	1.479	-0.002
5756.575	1.477	-0.002
5756.667	1.477	-0.002
5756.744	1.478	-0.002
5756.822	1.477	-0.002
5756.914	1.477	-0.002
5756.992	1.477	-0.002
5757.083	1.477	-0.001
5757.161	1.477	-0.002
5757.239	1.477	-0.002
5757.331	1.477	-0.000
5757.408	1.476	-0.001
5757.487	1.476	-0.002
5757.578	1.473	-0.001
5757.656	1.473	-0.000
5757.748	1.472	-0.001
5757.825	1.472	-0.001
5757.917	1.472	-0.002
5757.994	1.472	-0.001
5758.072	1.472	0.001
5758.164	1.472	-0.002
5758.242	1.472	-0.001
5758.333	1.472	0.000
5758.411	1.472	-0.002
5758.489	1.470	-0.000
5758.581	1.468	-0.000
5758.658	1.467	-0.001
5758.750	1.467	-0.000
5758.828	1.467	-0.001
5758.906	1.467	0.000
5758.998	1.467	0.000
5759.075	1.465	-0.002
5759.153	1.465	0.000
5759.244	1.463	0.000
5759.322	1.464	-0.001
5759.414	1.461	-0.000
5759.492	1.461	-0.001
5759.583	1.461	-0.002
5759.661	1.461	-0.000
5759.739	1.461	-0.001
5759.831	1.461	-0.002
5759.908	1.461	-0.000
5759.987	1.461	-0.000
5760.078	1.460	0.000
5760.156	1.460	0.000
5760.248	1.456	-0.001
5760.338	1.458	0.001
5760.417	1.456	0.000
5760.494	1.456	0.001
5760.572	1.456	-0.001
5760.664	1.456	-0.000
5760.742	1.456	0.000
5760.833	1.455	0.002
5760.911	1.454	0.000
5760.989	1.452	0.001
5761.081	1.453	0.001
5761.158	1.451	0.001
5761.250	1.451	0.001
5761.328	1.451	0.002
5761.406	1.451	0.002
5761.498	1.451	0.002
5761.575	1.451	0.002
5761.667	1.451	0.002
5761.744	1.451	0.001
5761.822	1.450	0.001
5761.914	1.450	0.001
5761.992	1.451	0.003
5762.083	1.450	0.002
5762.161	1.447	0.003
5762.239	1.447	0.001
5762.331	1.447	0.003
5762.408	1.446	0.002
5762.500	1.447	0.001
5762.578	1.446	0.000
5762.656	1.446	0.002
5762.748	1.446	0.001
5762.825	1.446	0.003
5762.917	1.445	0.000
5762.994	1.444	-0.001
5763.072	1.442	0.002
5763.164	1.444	-0.001
5763.242	1.441	0.000
5763.333	1.442	0.000
5763.411	1.441	-0.001
5763.489	1.441	-0.000
5763.581	1.441	-0.000
5763.658	1.441	-0.001
5763.750	1.439	-0.001
5763.828	1.438	-0.000
5763.906	1.437	-0.000
5763.998	1.436	-0.001
5764.075	1.436	-0.001
5764.167	1.436	-0.001
5764.244	1.436	-0.001
5764.322	1.436	-0.000
5764.414	1.436	-0.001
5764.492	1.436	-0.000
5764.583	1.435	-0.001
5764.661	1.436	-0.000
5764.739	1.434	-0.002
5764.831	1.431	-0.001
5764.908	1.432	-0.002
5765.000	1.431	-0.000
5765.078	1.431	-0.002
5765.156	1.431	-0.001
5765.248	1.431	-0.002
5765.325	1.431	-0.002
5765.417	1.431	-0.002
5765.494	1.431	-0.001
5765.572	1.431	-0.002
5765.664	1.431	-0.002
5765.742	1.430	-0.001
5765.833	1.429	-0.002
5765.911	1.429	-0.002
5765.989	1.427	-0.002
5766.081	1.427	-0.002
5766.158	1.427	-0.002
5766.250	1.428	-0.002
5766.328	1.426	-0.002
5766.406	1.427	-0.002
5766.498	1.426	-0.002
5766.575	1.426	-0.002
5766.667	1.426	-0.002
5766.744	1.426	-0.002
5766.822	1.426	-0.002
5766.914	1.426	-0.002
5766.992	1.426	-0.002
5767.083	1.425	-0.002
5767.161	1.424	-0.001
5767.239	1.426	-0.002
5767.331	1.422	-0.002
5767.408	1.425	-0.002
5767.500	1.422	-0.002
5767.578	1.422	-0.002
5767.656	1.422	-0.002
5767.748	1.421	-0.002
5767.825	1.421	-0.002
5767.917	1.421	-0.002
5767.994	1.421	-0.002
5768.072	1.421	-0.002
5768.164	1.421	-0.002
5768.242	1.421	-0.002
5768.333	1.421	-0.002
5768.411	1.421	-0.002
5768.489	1.421	-0.002
5768.581	1.420	-0.002
5768.658	1.421	-0.003
5768.750	1.421	-0.004
5768.828	1.419	-0.003
5768.906	1.421	-0.002
5768.998	1.420	-0.004
5769.075	1.419	-0.003
5769.167	1.417	-0.003
5769.244	1.416	-0.003
5769.322	1.417	-0.004
5769.414	1.416	-0.006
5769.492	1.416	-0.003
5769.583	1.416	-0.004
5769.661	1.418	-0.002
5769.739	1.416	-0.006
5769.831	1.416	-0.007
5769.908	1.416	-0.004
5770.000	1.416	-0.005
5770.078	1.416	-0.006
5770.156	1.415	-0.004
5770.248	1.416	-0.006
5770.325	1.415	-0.006
5770.417	1.414	-0.006
5770.494	1.414	-0.005
5770.572	1.413	-0.007
5770.664	1.412	-0.006
5770.742	1.413	-0.005
5770.833	1.411	-0.006
5770.911	1.411	-0.006
5770.989	1.412	-0.007
5771.081	1.411	-0.006
5771.158	1.411	-0.007
5771.250	1.411	-0.006
5771.328	1.411	-0.006
5771.406	1.411	-0.007
5771.498	1.411	-0.006
5771.575	1.411	-0.006
5771.667	1.411	-0.006
5771.744	1.411	-0.007
5771.822	1.411	-0.006
5771.914	1.411	-0.006
5771.992	1.411	-0.006
5772.083	1.411	-0.006
5772.161	1.411	-0.006
5772.239	1.411	-0.007
5772.331	1.411	-0.007
5772.408	1.411	-0.006
5772.500	1.411	-0.006
5772.578	1.411	-0.006
5772.656	1.411	-0.007
5772.748	1.411	-0.006
5772.825	1.411	-0.006
5772.917	1.411	-0.006
5772.994	1.411	-0.006
5773.072	1.411	-0.007
5773.164	1.411	-0.005
5773.242	1.411	-0.007
5773.333	1.411	-0.006
5773.411	1.410	-0.007
5773.489	1.411	-0.007
5773.581	1.411	-0.006
5773.658	1.410	-0.006
5773.750	1.410	-0.007
5773.828	1.411	-0.007
5773.906	1.410	-0.006
5773.998	1.408	-0.007
5774.075	1.411	-0.007
5774.167	1.409	-0.007
5774.244	1.408	-0.007
5774.322	1.406	-0.007
5774.414	1.407	-0.007
5774.492	1.407	-0.007
5774.583	1.409	-0.007
5774.661	1.407	-0.007
5774.739	1.406	-0.007
5774.831	1.406	-0.007
5774.908	1.406	-0.007
5775.000	1.405	-0.007
5775.078	1.407	-0.007
5775.156	1.405	-0.007
5775.248	1.406	-0.007
5775.325	1.405	-0.007
5775.403	1.405	-0.007
5775.494	1.405	-0.007
5775.572	1.405	-0.007
5775.664	1.406	-0.006
5775.742	1.405	-0.007
5775.833	1.405	-0.007
5775.911	1.405	-0.007
5775.989	1.405	-0.007
5776.081	1.405	-0.007
5776.158	1.405	-0.007
5776.237	1.405	-0.006
5776.328	1.405	-0.007
5776.406	1.405	-0.007
5776.498	1.405	-0.007
5776.575	1.405	-0.007
5776.667	1.405	-0.006
5776.744	1.405	-0.007
5776.822	1.405	-0.007
5776.914	1.405	-0.007
5776.992	1.405	-0.007
5777.070	1.405	-0.007
5777.161	1.405	-0.007
5777.239	1.405	-0.006
5777.331	1.405	-0.007
5777.408	1.405	-0.006
5777.500	1.405	-0.007
5777.578	1.405	-0.006
5777.656	1.405	-0.007
5777.748	1.402	-0.007
5777.825	1.404	-0.007
5777.903	1.402	-0.007
5777.994	1.404	-0.007
5778.072	1.402	-0.007
5778.164	1.402	-0.007
5778.242	1.403	-0.007
5778.333	1.401	-0.007
5778.411	1.400	-0.006
5778.489	1.401	-0.007
5778.581	1.401	-0.006
5778.658	1.400	-0.007
5778.737	1.400	-0.006
5778.828	1.400	-0.007
5778.906	1.400	-0.007
5778.998	1.400	-0.007
5779.075	1.400	-0.006
5779.167	1.400	-0.007
5779.244	1.400	-0.007
5779.322	1.400	-0.007
5779.414	1.400	-0.007
5779.492	1.399	-0.006
5779.570	1.400	-0.007
5779.661	1.400	-0.007
5779.739	1.400	-0.007
5779.831	1.398	-0.007
5779.908	1.398	-0.006
5780.000	1.398	-0.007
5780.078	1.398	-0.006
5780.156	1.395	-0.007
5780.248	1.396	-0.006
5780.325	1.395	-0.007
5780.403	1.395	-0.006
5780.494	1.395	-0.006
5780.572	1.395	-0.007
5780.664	1.395	-0.006
5780.742	1.395	-0.006
5780.820	1.395	-0.006
5780.911	1.395	-0.007
5780.989	1.395	-0.006
5781.081	1.395	-0.007
5781.158	1.395	-0.007
5781.250	1.395	-0.006
5781.328	1.395	-0.006
5781.406	1.395	-0.006
5781.498	1.395	-0.006
5781.575	1.395	-0.003
5781.653	1.394	-0.005
5781.744	1.395	-0.006
5781.822	1.393	-0.006
5781.914	1.392	-0.005
5781.992	1.390	-0.006
5782.083	1.391	-0.006
5782.161	1.390	-0.006
5782.239	1.390	-0.004
5782.331	1.390	-0.006
5782.408	1.390	-0.006
5782.487	1.390	-0.003
5782.578	1.390	-0.006
5782.656	1.390	-0.004
5782.748	1.390	-0.005
5782.825	1.389	-0.003
5782.917	1.389	-0.003
5782.994	1.388	-0.004
5783.072	1.389	-0.006
5783.164	1.388	-0.003
5783.242	1.387	-0.003
5783.320	1.388	-0.004
5783.411	1.385	-0.003
5783.489	1.386	-0.005
5783.581	1.385	-0.004
5783.658	1.385	-0.002
5783.750	1.385	-0.003
5783.828	1.385	-0.002
5783.906	1.385	-0.002
5783.998	1.385	-0.002
5784.075	1.385	-0.002
5784.153	1.385	-0.002
5784.244	1.385	-0.002
5784.322	1.385	-0.002
5784.414	1.385	-0.002
5784.492	1.383	-0.002
5784.570	1.383	-0.002
5784.661	1.382	-0.002
5784.739	1.381	-0.002
5784.831	1.380	-0.002
5784.908	1.380	-0.002
5785.000	1.380	-0.002
5785.078	1.380	-0.002
5785.156	1.380	-0.002
5785.248	1.380	-0.002
5785.325	1.379	-0.002
5785.417	1.376	-0.002
5785.494	1.377	-0.002
5785.572	1.377	-0.002
5785.664	1.375	-0.002
5785.742	1.375	-0.002
5785.820	1.376	-0.002
5785.911	1.375	-0.002
5785.989	1.375	-0.002
5786.081	1.374	-0.002
5786.158	1.372	-0.002
5786.250	1.371	-0.002
5786.328	1.370	-0.001
5786.406	1.370	-0.002
5786.498	1.370	-0.002
5786.575	1.370	-0.002
5786.667	1.370	-0.002
5786.744	1.370	-0.002
5786.822	1.370	-0.002
5786.914	1.368	-0.002
5786.992	1.370	-0.002
5787.070	1.368	-0.002
5787.161	1.367	-0.002
5787.239	1.365	-0.002
5787.331	1.365	-0.002
5787.408	1.365	-0.002
5787.500	1.365	-0.002
5787.578	1.365	-0.000
5787.656	1.365	-0.001
5787.748	1.365	-0.002
5787.825	1.365	-0.000
5787.903	1.364	-0.000
5787.994	1.365	-0.002
5788.072	1.363	-0.001
5788.164	1.360	0.000
5788.242	1.362	0.000
5788.333	1.360	0.002
5788.411	1.360	-0.000
5788.489	1.360	-0.000
5788.581	1.360	0.001
5788.658	1.360	0.000
5788.737	1.357	-0.000
5788.828	1.355	0.001
5788.906	1.355	0.002
5788.998	1.354	0.002
5789.075	1.354	0.001
5789.153	1.354	0.003
5789.244	1.354	0.003
5789.322	1.354	0.002
5789.414	1.354	0.001
5789.492	1.354	0.002
5789.583	1.352	0.003
5789.661	1.350	0.000
5789.739	1.352	0.002
5789.831	1.349	0.003
5789.908	1.349	0.002
5790.000	1.349	0.000
5790.078	1.349	0.001
5790.156	1.349	0.001
5790.248	1.349	0.001
5790.325	1.345	0.002
5790.403	1.345	0.001
5790.494	1.344	0.001
5790.572	1.344	0.003
5790.664	1.344	0.001
5790.742	1.344	0.003
5790.833	1.344	0.003
5790.911	1.344	0.002
5790.989	1.344	0.002
5791.081	1.343	0.002
5791.158	1.343	0.002
5791.250	1.342	0.002
5791.328	1.339	0.001
5791.406	1.339	0.002
5791.498	1.339	0.002
5791.575	1.339	0.001
5791.653	1.339	0.003
5791.744	1.339	0.003
5791.822	1.339	0.003
5791.914	1.339	0.002
5791.992	1.338	0.003
5792.070	1.338	0.003
5792.161	1.337	0.003
5792.239	1.337	0.003
5792.331	1.336	0.002
5792.408	1.334	0.003
5792.500	1.334	0.002
5792.578	1.334	0.003
5792.656	1.334	0.003
5792.748	1.332	0.003
5792.825	1.331	0.003
5792.917	1.330	0.003
5792.994	1.329	0.003
5793.072	1.329	0.003
5793.164	1.329	0.003
5793.242	1.329	0.003
5793.320	1.329	0.001
5793.411	1.329	0.003
5793.489	1.328	0.001
5793.581	1.327	0.003
5793.658	1.326	0.003
5793.750	1.325	0.003
5793.828	1.324	0.002
5793.906	1.324	0.002
5793.998	1.324	0.001
5794.075	1.324	0.003
5794.153	1.324	0.003
5794.244	1.324	0.003
5794.322	1.324	0.001
5794.414	1.323	0.002
5794.492	1.323	0.002
5794.570	1.323	0.000
5794.661	1.321	0.001
5794.739	1.321	0.001
5794.831	1.320	0.001
5794.908	1.319	0.003
5794.987	1.319	0.000
5795.078	1.319	0.000
5795.156	1.319	0.001
5795.248	1.319	0.000
5795.325	1.318	-0.000
5795.403	1.319	0.000
5795.494	1.318	-0.000
5795.572	1.319	-0.002
5795.664	1.315	0.001
5795.742	1.314	0.002
5795.820	1.315	-0.000
5795.911	1.314	-0.002
5795.989	1.314	0.000
5796.081	1.314	-0.002
5796.158	1.314	-0.001
5796.237	1.313	-0.000
5796.328	1.313	-0.002
5796.406	1.311	-0.001
5796.498	1.309	-0.002
5796.575	1.309	-0.002
5796.653	1.309	-0.002
5796.744	1.309	-0.002
5796.822	1.309	-0.001
5796.914	1.309	-0.002
5796.992	1.309	-0.002
5797.070	1.309	-0.002
5797.161	1.309	-0.002
5797.239	1.309	-0.002
5797.331	1.309	-0.002
5797.408	1.309	-0.002
5797.487	1.309	-0.002
5797.578	1.308	-0.002
5797.656	1.308	-0.002
5797.748	1.306	-0.002
5797.825	1.306	-0.002
5797.903	1.306	-0.002
5797.994	1.304	-0.001
5798.072	1.303	-0.002
5798.164	1.304	-0.002
5798.242	1.303	-0.002
5798.320	1.303	-0.002
5798.411	1.303	-0.001
5798.489	1.303	-0.002
5798.581	1.303	-0.002
5798.658	1.303	-0.002
5798.737	1.303	-0.002
5798.828	1.303	-0.002
5798.906	1.303	-0.002
5798.998	1.303	-0.002
5799.075	1.303	-0.002
5799.153	1.303	-0.002
5799.244	1.301	-0.002
5799.322	1.302	-0.002
5799.414	1.302	-0.002
5799.492	1.302	-0.002
5799.570	1.299	-0.002
5799.661	1.300	-0.002
5799.739	1.298	-0.002
5799.831	1.298	-0.002
5799.908	1.298	-0.002
5799.987	1.298	-0.002
5800.078	1.298	-0.002
5800.156	1.298	-0.002
5800.248	1.298	-0.002
5800.325	1.298	-0.002
5800.403	1.298	-0.002
5800.494	1.298	-0.002
5800.572	1.298	-0.002
5800.664	1.297	-0.002
5800.742	1.298	-0.002
5800.820	1.296	-0.003
5800.911	1.297	-0.003
5800.989	1.296	-0.003
5801.081	1.294	-0.002
5801.158	1.297	-0.002
5801.237	1.294	-0.002
5801.328	1.294	-0.004
5801.406	1.294	-0.002
5801.498	1.293	-0.005
5801.575	1.293	-0.004
5801.653	1.293	-0.002
5801.744	1.293	-0.004
5801.822	1.293	-0.005
5801.914	1.293	-0.004
5801.992	1.293	-0.004
5802.070	1.293	-0.004
5802.161	1.293	-0.006
5802.239	1.293	-0.004
5802.331	1.293	-0.004
5802.408	1.292	-0.006
5802.487	1.292	-0.007
5802.578	1.293	-0.006
5802.656	1.292	-0.005
5802.748	1.291	-0.006
5802.825	1.289	-0.006
5802.903	1.290	-0.006
5802.994	1.292	-0.007
5803.072	1.289	-0.006
5803.164	1.288	-0.007
5803.242	1.288	-0.007
5803.333	1.288	-0.007
5803.411	1.288	-0.007
5803.489	1.288	-0.007
5803.581	1.288	-0.007
5803.658	1.288	-0.006
5803.737	1.288	-0.007
5803.828	1.288	-0.006
5803.906	1.288	-0.006
5803.998	1.288	-0.006
5804.075	1.288	-0.007
5804.153	1.288	-0.006
5804.244	1.288	-0.007
5804.322	1.288	-0.007
5804.414	1.288	-0.007
5804.492	1.288	-0.006
5804.570	1.288	-0.007
5804.661	1.288	-0.007
5804.739	1.288	-0.006
5804.831	1.288	-0.006
5804.908	1.288	-0.007
5804.987	1.288	-0.006
5805.078	1.287	-0.007
5805.156	1.287	-0.007
5805.248	1.286	-0.007
5805.325	1.288	-0.007
5805.403	1.288	-0.007
5805.494	1.287	-0.006
5805.572	1.287	-0.007
5805.664	1.286	-0.007
5805.742	1.287	-0.007
5805.820	1.286	-0.007
5805.911	1.285	-0.007
5805.989	1.286	-0.007
5806.081	1.285	-0.006
5806.158	1.283	-0.007
5806.250	1.283	-0.007
5806.328	1.283	-0.007
5806.406	1.283	-0.007
5806.498	1.283	-0.007
5806.575	1.283	-0.007
5806.653	1.283	-0.006
5806.744	1.283	-0.007
5806.822	1.283	-0.007
5806.914	1.283	-0.006
5806.992	1.283	-0.006
5807.070	1.283	-0.006
5807.161	1.283	-0.007
5807.239	1.283	-0.007
5807.331	1.283	-0.006
5807.408	1.283	-0.007
5807.487	1.283	-0.007
5807.578	1.283	-0.007
5807.656	1.283	-0.007
5807.748	1.283	-0.007
5807.825	1.281	-0.007
5807.903	1.282	-0.006
5807.994	1.282	-0.006
5808.072	1.281	-0.007
5808.164	1.282	-0.006
5808.242	1.280	-0.007
5808.320	1.279	-0.007
5808.411	1.279	-0.007
5808.489	1.280	-0.006
5808.581	1.280	-0.007
5808.658	1.279	-0.007
5808.737	1.278	-0.007
5808.828	1.280	-0.007
5808.906	1.279	-0.006
5808.998	1.278	-0.006
5809.075	1.278	-0.006
5809.153	1.278	-0.007
5809.244	1.278	-0.007
5809.322	1.278	-0.006
5809.414	1.278	-0.006
5809.492	1.278	-0.006
5809.570	1.278	-0.007
5809.661	1.278	-0.007
5809.739	1.278	-0.007
5809.831	1.278	-0.007
5809.908	1.277	-0.006
5809.987	1.278	-0.007
5810.078	1.277	-0.007
5810.156	1.278	-0.006
5810.248	1.276	-0.007
5810.325	1.275	-0.007
5810.403	1.276	-0.007
5810.494	1.275	-0.007
5810.572	1.274	-0.006
5810.664	1.275	-0.006
5810.742	1.275	-0.007
5810.820	1.274	-0.007
5810.911	1.273	-0.006
5810.989	1.273	-0.006
5811.081	1.273	-0.007
5811.158	1.273	-0.006
5811.237	1.273	-0.007
5811.328	1.273	-0.007
5811.406	1.273	-0.006
5811.498	1.273	-0.006
5811.575	1.273	-0.007
5811.653	1.273	-0.006
5811.744	1.273	-0.007
5811.822	1.273	-0.006
5811.914	1.272	-0.006
5811.992	1.273	-0.006
5812.070	1.272	-0.006
5812.161	1.273	-0.006
5812.239	1.271	-0.006
5812.331	1.270	-0.006
5812.408	1.272	-0.005
5812.487	1.269	-0.005
5812.578	1.270	-0.006
5812.656	1.268	-0.006
5812.748	1.268	-0.006
5812.825	1.268	-0.006
5812.903	1.268	-0.006
5812.994	1.268	-0.006
5813.072	1.268	-0.005
5813.164	1.268	-0.006
5813.242	1.268	-0.005
5813.320	1.268	-0.005
5813.411	1.268	-0.004
5813.489	1.268	-0.005
5813.581	1.268	-0.006
5813.658	1.268	-0.006
5813.737	1.268	-0.006
5813.828	1.268	-0.005
5813.906	1.268	-0.002
5813.998	1.268	-0.005
5814.075	1.267	-0.003
5814.153	1.268	-0.004
5814.244	1.267	-0.005
5814.322	1.264	-0.004
5814.414	1.267	-0.004
5814.492	1.263	-0.005
5814.570	1.263	-0.002
5814.661	1.263	-0.003
5814.739	1.263	-0.005
5814.831	1.263	-0.004
5814.908	1.263	-0.004
5814.987	1.263	-0.002
5815.078	1.263	-0.002
5815.156	1.263	-0.004
5815.248	1.263	-0.002
5815.325	1.263	-0.002
5815.403	1.262	-0.002
5815.494	1.263	-0.003
5815.572	1.263	-0.003
5815.664	1.260	-0.003
5815.742	1.261	-0.004
5815.820	1.260	-0.002
5815.911	1.258	-0.003
5815.989	1.258	-0.003
5816.081	1.258	-0.002
5816.158	1.258	-0.002
5816.237	1.258	-0.002
5816.328	1.258	-0.002
5816.406	1.258	-0.002
5816.498	1.257	-0.002
5816.575	1.256	-0.002
5816.653	1.257	-0.002
5816.744	1.256	-0.003
5816.822	1.255	-0.002
5816.914	1.254	-0.002
5816.992	1.252	-0.002
5817.070	1.252	-0.002
5817.161	1.252	-0.002
5817.239	1.252	-0.002
5817.331	1.251	-0.002
5817.408	1.252	-0.002
5817.487	1.250	-0.002
5817.578	1.249	-0.002
5817.656	1.248	-0.002
5817.748	1.247	-0.002
5817.825	1.247	-0.002
5817.903	1.247	-0.002
5817.994	1.247	-0.002
5818.072	1.247	-0.002
5818.164	1.247	-0.002
5818.242	1.247	-0.002
5818.320	1.247	-0.002
5818.411	1.247	-0.002
5818.489	1.247	-0.002
5818.581	1.245	-0.002
5818.658	1.246	-0.001
5818.737	1.242	-0.001
5818.828	1.242	-0.002
5818.906	1.242	-0.002
5818.998	1.242	-0.002
5819.075	1.242	-0.002
5819.153	1.242	-0.001
5819.244	1.241	-0.002
5819.322	1.241	-0.001
5819.414	1.241	-0.000
5819.492	1.239	-0.002
5819.570	1.237	-0.001
5819.661	1.237	-0.002
5819.739	1.237	-0.001
5819.831	1.237	-0.002
5819.908	1.237	-0.001
5819.987	1.237	0.000
5820.078	1.237	-0.001
5820.156	1.237	-0.002
5820.248	1.234	-0.001
5820.325	1.236	-0.002
5820.403	1.235	0.001
5820.494	1.234	-0.001
5820.572	1.232	-0.000
5820.664	1.232	-0.001
5820.742	1.232	0.000
5820.820	1.232	0.000
5820.911	1.232	0.001
5820.989	1.231	0.001
5821.081	1.229	0.002
5821.158	1.228	0.001
5821.237	1.227	-0.000
5821.328	1.227	-0.000
5821.406	1.227	0.000
5821.498	1.227	0.000
5821.575	1.227	0.000
5821.653	1.227	0.001
5821.744	1.227	-0.000
5821.822	1.226	0.003
5821.914	1.225	0.001
5821.992	1.223	0.001
5822.070	1.224	0.000
5822.161	1.222	0.001
5822.239	1.222	0.000
5822.331	1.221	-0.000
5822.408	1.221	-0.000
5822.487	1.221	0.000
5822.578	1.221	-0.001
5822.656	1.218	-0.002
5822.748	1.217	-0.001
5822.825	1.217	-0.001
5822.903	1.217	-0.000
5822.994	1.217	-0.001
5823.072	1.217	0.000
5823.164	1.217	0.001
5823.242	1.217	-0.000
5823.320	1.216	-0.001
5823.411	1.212	0.002
5823.489	1.213	-0.000
5823.581	1.212	0.000
5823.658	1.212	0.001
5823.737	1.212	0.001
5823.828	1.212	0.001
5823.906	1.212	-0.001
5823.998	1.211	0.001
5824.075	1.212	-0.000
5824.153	1.212	0.003
5824.244	1.208	-0.000
5824.322	1.207	0.002
5824.414	1.207	0.001
5824.492	1.207	0.002
5824.570	1.207	0.002
5824.661	1.207	0.002
5824.739	1.207	0.001
5824.831	1.207	0.001
5824.908	1.207	-0.000
5824.987	1.207	0.002
5825.078	1.207	0.002
5825.156	1.207	0.000
5825.248	1.205	0.001
5825.325	1.203	0.002
5825.403	1.201	0.002
5825.494	1.201	0.000
5825.572	1.201	0.002
5825.664	1.201	0.001
5825.742	1.201	0.002
5825.820	1.201	-0.000
5825.911	1.199	0.000
5825.989	1.200	-0.000
5826.081	1.198	-0.000
5826.158	1.197	-0.000
5826.237	1.196	-0.000
5826.328	1.197	-0.000
5826.406	1.196	-0.001
5826.498	1.196	-0.002
5826.575	1.196	-0.002
5826.653	1.196	-0.002
5826.744	1.196	-0.001
5826.822	1.196	-0.001
5826.914	1.196	-0.001
5826.992	1.192	-0.002
5827.070	1.195	-0.002
5827.161	1.194	-0.002
5827.239	1.192	-0.002
5827.331	1.191	-0.001
5827.408	1.191	-0.002
5827.487	1.191	-0.000
5827.578	1.191	-0.002
5827.656	1.191	-0.002
5827.748	1.191	-0.002
5827.825	1.191	-0.002
5827.903	1.191	-0.002
5827.994	1.190	-0.002
5828.072	1.189	-0.002
5828.164	1.188	-0.002
5828.242	1.188	-0.002
5828.320	1.186	-0.002
5828.411	1.186	-0.002
5828.489	1.186	-0.002
5828.581	1.187	-0.002
5828.658	1.187	-0.002
5828.737	1.186	-0.002
5828.828	1.186	-0.002
5828.906	1.186	-0.002
5828.998	1.186	-0.002
5829.075	1.186	-0.002
5829.153	1.186	-0.002
5829.244	1.186	-0.002
5829.322	1.186	-0.002
5829.414	1.186	-0.002
5829.492	1.186	-0.003
5829.570	1.185	-0.002
5829.661	1.186	-0.002
5829.739	1.184	-0.002
5829.831	1.184	-0.002
5829.908	1.186	-0.002
5829.987	1.184	-0.002
5830.078	1.181	-0.002
5830.156	1.182	-0.002
5830.248	1.181	-0.002
5830.325	1.181	-0.002
5830.403	1.181	-0.002
5830.494	1.181	-0.002
5830.572	1.181	-0.002
5830.664	1.181	-0.002
5830.742	1.181	-0.002
5830.820	1.181	-0.002
5830.911	1.181	-0.002
5830.989	1.181	-0.002
5831.081	1.181	-0.003
5831.158	1.181	-0.002
5831.237	1.181	-0.002
5831.328	1.181	-0.003
5831.406	1.180	-0.002
5831.498	1.179	-0.002
5831.575	1.180	-0.002
5831.653	1.178	-0.003
5831.744	1.181	-0.003
5831.822	1.180	-0.003
5831.914	1.178	-0.002
5831.992	1.177	-0.002
5832.070	1.176	-0.002
5832.161	1.176	-0.003
5832.239	1.176	-0.003
5832.331	1.177	-0.004
5832.408	1.176	-0.004
5832.487	1.176	-0.004
5832.578	1.176	-0.004
5832.656	1.176	-0.004
5832.748	1.176	-0.006
5832.825	1.176	-0.004
5832.903	1.176	-0.006
5832.994	1.176	-0.005
5833.072	1.175	-0.005
5833.164	1.176	-0.007
5833.242	1.175	-0.006
5833.320	1.173	-0.006
5833.411	1.176	-0.006
5833.489	1.176	-0.004
5833.581	1.174	-0.005
5833.658	1.173	-0.004
5833.737	1.173	-0.006
5833.828	1.172	-0.007
5833.906	1.173	-0.007
5833.998	1.172	-0.006
5834.075	1.171	-0.006
5834.153	1.171	-0.006
5834.244	1.171	-0.004
5834.322	1.171	-0.006
5834.414	1.172	-0.006
5834.492	1.171	-0.006
5834.570	1.171	-0.005
5834.661	1.171	-0.005
5834.739	1.171	-0.005
5834.831	1.171	-0.007
5834.908	1.171	-0.005
5834.987	1.171	-0.005
5835.078	1.172	-0.005
5835.156	1.171	-0.007
5835.234	1.171	-0.006
5835.325	1.171	-0.006
5835.403	1.171	-0.005
5835.494	1.171	-0.007
5835.572	1.171	-0.004
5835.651	1.171	-0.006
5835.742	1.171	-0.006
5835.820	1.171	-0.006
5835.911	1.170	-0.004
5835.989	1.171	-0.006
5836.067	1.170	-0.006
5836.158	1.171	-0.006
5836.237	1.168	-0.005
5836.328	1.168	-0.006
5836.406	1.168	-0.006
5836.484	1.168	-0.007
5836.575	1.167	-0.006
5836.653	1.166	-0.006
5836.744	1.166	-0.007
5836.822	1.167	-0.006
5836.901	1.166	-0.006
5836.992	1.166	-0.006
5837.070	1.166	-0.007
5837.161	1.166	-0.006
5837.239	1.166	-0.007
5837.317	1.166	-0.007
5837.408	1.166	-0.006
5837.487	1.166	-0.006
5837.578	1.166	-0.006
5837.656	1.166	-0.006
5837.734	1.166	-0.007
5837.825	1.166	-0.007
5837.903	1.166	-0.006
5837.994	1.166	-0.006
5838.072	1.166	-0.006
5838.151	1.166	-0.007
5838.242	1.166	-0.007
5838.320	1.166	-0.007
5838.411	1.166	-0.007
5838.489	1.166	-0.007
5838.567	1.166	-0.006
5838.658	1.166	-0.007
5838.737	1.166	-0.006
5838.828	1.166	-0.007
5838.906	1.166	-0.006
5838.984	1.166	-0.007
5839.075	1.166	-0.006
5839.153	1.165	-0.006
5839.244	1.166	-0.007
5839.322	1.164	-0.007
5839.401	1.162	-0.007
5839.492	1.162	-0.006
5839.570	1.162	-0.006
5839.661	1.163	-0.007
5839.739	1.162	-0.006
5839.817	1.162	-0.007
5839.908	1.162	-0.007
5839.987	1.161	-0.006
5840.078	1.162	-0.006
5840.156	1.161	-0.006
5840.248	1.161	-0.006
5840.325	1.161	-0.007
5840.403	1.161	-0.007
5840.494	1.161	-0.007
5840.572	1.161	-0.007
5840.651	1.161	-0.006
5840.742	1.161	-0.006
5840.820	1.161	-0.007
5840.911	1.161	-0.007
5840.989	1.161	-0.006
5841.067	1.161	-0.007
5841.158	1.161	-0.007
5841.237	1.161	-0.006
5841.328	1.161	-0.006
5841.406	1.161	-0.006
5841.484	1.161	-0.006
5841.575	1.161	-0.006
5841.653	1.161	-0.007
5841.744	1.161	-0.006
5841.822	1.161	-0.006
5841.901	1.161	-0.004
5841.992	1.158	-0.005
5842.070	1.159	-0.006
5842.161	1.157	-0.005
5842.239	1.159	-0.006
5842.317	1.158	-0.006
5842.408	1.157	-0.004
5842.487	1.157	-0.006
5842.578	1.156	-0.004
5842.656	1.156	-0.007
5842.734	1.156	-0.006
5842.825	1.156	-0.006
5842.903	1.157	-0.006
5842.994	1.156	-0.005
5843.072	1.156	-0.006
5843.151	1.156	-0.004
5843.242	1.156	-0.004
5843.320	1.156	-0.006
5843.411	1.156	-0.005
5843.489	1.156	-0.005
5843.567	1.156	-0.006
5843.658	1.154	-0.004
5843.737	1.154	-0.006
5843.828	1.153	-0.006
5843.906	1.154	-0.006
5843.984	1.151	-0.007
5844.075	1.153	-0.006
5844.153	1.151	-0.006
5844.244	1.151	-0.006
5844.322	1.150	-0.006
5844.401	1.150	-0.004
5844.492	1.151	-0.003
5844.570	1.150	-0.005
5844.661	1.151	-0.005
5844.739	1.150	-0.005
5844.817	1.150	-0.004
5844.908	1.150	-0.003
5844.987	1.150	-0.003
5845.078	1.150	-0.003
5845.156	1.150	-0.005
5845.234	1.150	-0.005
5845.325	1.150	-0.006
5845.403	1.150	-0.005
5845.494	1.150	-0.004
5845.572	1.150	-0.006
5845.651	1.149	-0.004
5845.742	1.149	-0.004
5845.820	1.146	-0.005
5845.911	1.147	-0.004
5845.989	1.145	-0.004
5846.067	1.146	-0.004
5846.158	1.145	-0.005
5846.237	1.145	-0.003
5846.328	1.145	-0.005
5846.406	1.145	-0.004
5846.484	1.145	-0.004
5846.575	1.145	-0.004
5846.653	1.145	-0.004
5846.744	1.145	-0.005
5846.822	1.145	-0.002
5846.901	1.145	-0.003
5846.992	1.145	-0.004
5847.070	1.145	-0.003
5847.161	1.145	-0.004
5847.239	1.145	-0.003
5847.317	1.145	-0.002
5847.408	1.145	-0.002
5847.487	1.145	-0.003
5847.578	1.144	-0.005
5847.656	1.144	-0.004
5847.734	1.142	-0.005
5847.825	1.142	-0.003
5847.903	1.140	-0.005
5847.994	1.143	-0.002
5848.072	1.140	-0.003
5848.151	1.141	-0.003
5848.242	1.140	-0.002
5848.320	1.140	-0.002
5848.411	1.140	-0.002
5848.489	1.140	-0.002
5848.567	1.139	-0.002
5848.658	1.138	-0.002
5848.737	1.139	-0.002
5848.828	1.139	-0.002
5848.906	1.139	-0.002
5848.984	1.139	-0.002
5849.075	1.138	-0.002
5849.153	1.137	-0.002
5849.244	1.135	-0.002
5849.322	1.135	-0.002
5849.401	1.135	-0.002
5849.492	1.135	-0.002
5849.570	1.135	-0.002
5849.661	1.135	-0.002
5849.739	1.135	-0.002
5849.817	1.135	-0.002
5849.908	1.135	-0.002
5849.987	1.135	-0.002
5850.078	1.135	-0.002
5850.156	1.135	-0.002
5850.234	1.134	-0.002
5850.325	1.132	-0.002
5850.403	1.132	-0.002
5850.494	1.130	-0.002
5850.572	1.130	-0.002
5850.664	1.131	-0.002
5850.742	1.130	-0.002
5850.820	1.130	-0.002
5850.911	1.130	-0.002
5850.989	1.130	-0.002
5851.067	1.129	-0.002
5851.158	1.130	-0.002
5851.237	1.128	-0.002
5851.328	1.128	-0.002
5851.406	1.128	-0.002
5851.484	1.125	-0.002
5851.575	1.126	-0.002
5851.653	1.125	-0.002
5851.744	1.125	-0.002
5851.822	1.125	-0.002
5851.901	1.125	-0.002
5851.992	1.125	-0.002
5852.070	1.125	-0.002
5852.161	1.125	-0.002
5852.239	1.125	-0.002
5852.317	1.125	-0.002
5852.408	1.123	-0.002
5852.487	1.123	-0.002
5852.578	1.122	-0.002
5852.656	1.120	-0.002
5852.734	1.120	-0.002
5852.825	1.120	-0.002
5852.903	1.120	-0.002
5852.994	1.120	-0.002
5853.072	1.120	-0.002
5853.151	1.120	-0.002
5853.242	1.120	-0.002
5853.320	1.120	-0.002
5853.411	1.119	-0.002
5853.489	1.116	-0.002
5853.567	1.115	-0.002
5853.658	1.116	-0.002
5853.737	1.115	-0.002
5853.828	1.115	-0.002
5853.906	1.115	-0.002
5853.984	1.115	-0.002
5854.075	1.115	-0.002
5854.153	1.115	-0.002
5854.244	1.115	-0.002
5854.322	1.114	-0.001
5854.401	1.111	-0.001
5854.492	1.111	-0.001
5854.570	1.111	-0.001
5854.661	1.110	-0.000
5854.739	1.110	-0.001
5854.817	1.110	0.000
5854.908	1.110	-0.001
5854.987	1.110	-0.002
5855.078	1.110	-0.002
5855.156	1.110	-0.001
5855.234	1.109	-0.001
5855.325	1.110	-0.000
5855.403	1.109	-0.000
5855.494	1.105	-0.001
5855.572	1.106	-0.000
5855.651	1.105	-0.001
5855.742	1.105	-0.002
5855.820	1.105	-0.002
5855.911	1.105	0.000
5855.989	1.105	-0.001
5856.067	1.105	-0.002
5856.158	1.105	-0.000
5856.237	1.105	-0.002
5856.328	1.105	0.000
5856.406	1.104	-0.000
5856.484	1.103	-0.002
5856.575	1.102	-0.001
5856.653	1.101	-0.001
5856.744	1.099	-0.002
5856.822	1.099	-0.001
5856.914	1.100	-0.001
5856.992	1.099	-0.001
5857.070	1.099	-0.001
5857.161	1.099	-0.001
5857.239	1.096	-0.001
5857.317	1.096	-0.002
5857.408	1.098	-0.001
5857.487	1.095	-0.001
5857.578	1.094	-0.000
5857.656	1.094	-0.002
5857.734	1.094	-0.001
5857.825	1.094	-0.002
5857.903	1.094	-0.002
5857.994	1.094	-0.002
5858.072	1.094	-0.002
5858.151	1.094	-0.001
5858.242	1.090	-0.002
5858.320	1.094	-0.002
5858.411	1.091	-0.002
5858.489	1.093	-0.002
5858.567	1.091	-0.002
5858.658	1.090	-0.002
5858.737	1.089	-0.002
5858.828	1.089	-0.002
5858.906	1.089	-0.002
5858.984	1.089	-0.002
5859.075	1.088	-0.002
5859.153	1.088	-0.002
5859.244	1.088	-0.002
5859.322	1.088	-0.002
5859.401	1.088	-0.002
5859.492	1.088	-0.001
5859.570	1.086	-0.002
5859.661	1.084	-0.002
5859.739	1.086	-0.002
5859.817	1.084	-0.002
5859.908	1.084	-0.002
5859.987	1.084	-0.002
5860.078	1.084	-0.002
5860.156	1.084	-0.002
5860.234	1.084	-0.002
5860.325	1.083	-0.002
5860.403	1.082	-0.002
5860.494	1.084	-0.002
5860.572	1.084	-0.002
5860.651	1.083	-0.002
5860.742	1.084	-0.002
5860.820	1.084	-0.002
5860.911	1.081	-0.002
5860.989	1.079	-0.002
5861.067	1.080	-0.002
5861.158	1.079	-0.002
5861.237	1.079	-0.002
5861.328	1.079	-0.002
5861.406	1.079	-0.002
5861.484	1.079	-0.002
5861.575	1.079	-0.002
5861.653	1.078	-0.002
5861.744	1.079	-0.002
5861.822	1.079	-0.002
5861.901	1.075	-0.002
5861.992	1.075	-0.002
5862.070	1.077	-0.002
5862.161	1.076	-0.002
5862.239	1.075	-0.002
5862.317	1.075	-0.003
5862.408	1.074	-0.003
5862.487	1.074	-0.002
5862.578	1.074	-0.003
5862.656	1.074	-0.002
5862.734	1.074	-0.002
5862.825	1.074	-0.002
5862.903	1.074	-0.002
5862.994	1.074	-0.002
5863.072	1.074	-0.002
5863.151	1.074	-0.004
5863.242	1.074	-0.002
5863.320	1.074	-0.002
5863.411	1.073	-0.002
5863.489	1.072	-0.003
5863.567	1.073	-0.003
5863.658	1.072	-0.002
5863.737	1.073	-0.002
5863.828	1.071	-0.004
5863.906	1.069	-0.003
5863.984	1.069	-0.003
5864.075	1.069	-0.004
5864.153	1.070	-0.004
5864.244	1.069	-0.003
5864.322	1.069	-0.003
5864.401	1.069	-0.005
5864.492	1.069	-0.004
5864.570	1.069	-0.005
5864.661	1.069	-0.003
5864.739	1.069	-0.006
5864.817	1.069	-0.006
5864.908	1.069	-0.003
5864.987	1.069	-0.004
5865.078	1.069	-0.006
5865.156	1.069	-0.003
5865.234	1.069	-0.005
5865.325	1.069	-0.005
5865.403	1.067	-0.005
5865.494	1.067	-0.005
5865.572	1.069	-0.005
5865.651	1.067	-0.004
5865.742	1.069	-0.006
5865.820	1.066	-0.006
5865.911	1.067	-0.007
5865.989	1.066	-0.007
5866.067	1.064	-0.005
5866.158	1.065	-0.006
5866.237	1.065	-0.005
5866.328	1.064	-0.006
5866.406	1.065	-0.006
5866.484	1.064	-0.007
5866.575	1.064	-0.006
5866.653	1.064	-0.006
5866.744	1.064	-0.006
5866.822	1.064	-0.006
5866.901	1.064	-0.005
5866.992	1.064	-0.007
5867.070	1.064	-0.007
5867.161	1.064	-0.006
5867.239	1.064	-0.005
5867.317	1.064	-0.006
5867.408	1.064	-0.006
5867.487	1.064	-0.007
5867.578	1.064	-0.007
5867.656	1.064	-0.006
5867.734	1.064	-0.007
5867.825	1.064	-0.007
5867.903	1.064	-0.007
5867.994	1.064	-0.006
5868.072	1.064	-0.006
5868.151	1.064	-0.006
5868.242	1.064	-0.006
5868.320	1.064	-0.007
5868.411	1.064	-0.006
5868.489	1.064	-0.007
5868.567	1.063	-0.007
5868.658	1.063	-0.006
5868.737	1.064	-0.006
5868.828	1.064	-0.006
5868.906	1.064	-0.007
5868.984	1.064	-0.006
5869.075	1.064	-0.007
5869.153	1.064	-0.007
5869.244	1.064	-0.007
5869.322	1.063	-0.007
5869.401	1.061	-0.007
5869.492	1.060	-0.007
5869.570	1.062	-0.007
5869.661	1.060	-0.007
5869.739	1.063	-0.007
5869.817	1.063	-0.007
5869.908	1.060	-0.007
5869.987	1.059	-0.007
5870.078	1.061	-0.007
5870.156	1.062	-0.007
5870.234	1.061	-0.007
5870.325	1.060	-0.007
5870.403	1.060	-0.007
5870.494	1.059	-0.007
5870.572	1.059	-0.007
5870.651	1.059	-0.007
5870.742	1.059	-0.007
5870.820	1.059	-0.007
5870.911	1.059	-0.007
5870.989	1.059	-0.006
5871.067	1.059	-0.007
5871.158	1.059	-0.007
5871.237	1.059	-0.006
5871.328	1.059	-0.007
5871.406	1.059	-0.006
5871.484	1.059	-0.005
5871.575	1.059	-0.007
5871.653	1.059	-0.007
5871.744	1.059	-0.007
5871.822	1.059	-0.007
5871.901	1.059	-0.007
5871.992	1.058	-0.006
5872.070	1.059	-0.007
5872.161	1.059	-0.007
5872.239	1.058	-0.007
5872.317	1.059	-0.008
5872.408	1.058	-0.007
5872.487	1.056	-0.007
5872.578	1.058	-0.007
5872.656	1.059	-0.007
5872.734	1.059	-0.007
5872.825	1.059	-0.007
5872.903	1.056	-0.007
5872.994	1.056	-0.007
5873.072	1.055	-0.007
5873.151	1.055	-0.007
5873.242	1.057	-0.007
5873.320	1.056	-0.007
5873.411	1.056	-0.007
5873.489	1.054	-0.007
5873.567	1.055	-0.007
5873.658	1.054	-0.007
5873.737	1.054	-0.007
5873.828	1.054	-0.007
5873.906	1.054	-0.007
5873.984	1.054	-0.007
5874.075	1.054	-0.007
5874.153	1.054	-0.007
5874.244	1.054	-0.007
5874.322	1.054	-0.007
5874.401	1.054	-0.007
5874.492	1.054	-0.007
5874.570	1.054	-0.006
5874.661	1.054	-0.007
5874.739	1.054	-0.007
5874.817	1.054	-0.007
5874.908	1.054	-0.007
5874.987	1.054	-0.006
5875.078	1.053	-0.007
5875.156	1.054	-0.007
5875.248	1.054	-0.007
5875.325	1.054	-0.007
5875.403	1.054	-0.007
5875.494	1.054	-0.007
5875.572	1.054	-0.006
5875.651	1.053	-0.007
5875.742	1.053	-0.007
5875.820	1.054	-0.007
5875.911	1.054	-0.007
5875.989	1.053	-0.006
5876.067	1.053	-0.006
5876.158	1.053	-0.007
5876.237	1.052	-0.007
5876.328	1.052	-0.007
5876.406	1.051	-0.007
5876.484	1.050	-0.007
5876.575	1.051	-0.007
5876.653	1.049	-0.006
5876.744	1.049	-0.007
5876.822	1.049	-0.006
5876.901	1.049	-0.007
5876.992	1.049	-0.007
5877.070	1.049	-0.006
5877.161	1.049	-0.007
5877.239	1.049	-0.007
5877.317	1.049	-0.007
5877.408	1.049	-0.005
5877.487	1.048	-0.007
5877.578	1.048	-0.007
5877.656	1.049	-0.007
5877.734	1.048	-0.005
5877.825	1.049	-0.007
5877.903	1.049	-0.007
5877.994	1.048	-0.006
5878.072	1.048	-0.007
5878.151	1.045	-0.007
5878.242	1.046	-0.007
5878.320	1.044	-0.007
5878.411	1.045	-0.006
5878.489	1.045	-0.007
5878.567	1.043	-0.006
5878.658	1.044	-0.007
5878.737	1.044	-0.006
5878.828	1.043	-0.007
5878.906	1.043	-0.006
5878.984	1.043	-0.006
5879.075	1.043	-0.007
5879.153	1.043	-0.007
5879.244	1.043	-0.006
5879.322	1.043	-0.006
5879.401	1.043	-0.006
5879.492	1.043	-0.004
5879.570	1.043	-0.006
5879.661	1.043	-0.004
5879.739	1.043	-0.006
5879.817	1.043	-0.006
5879.908	1.043	-0.006
5879.987	1.043	-0.006
5880.078	1.043	-0.006
5880.156	1.043	-0.005
5880.234	1.043	-0.004
5880.325	1.043	-0.005
5880.403	1.043	-0.005
5880.494	1.043	-0.006
5880.572	1.043	-0.005
5880.651	1.043	-0.005
5880.742	1.042	-0.004
5880.820	1.043	-0.007
5880.911	1.041	-0.006
5880.989	1.043	-0.005
5881.067	1.040	-0.006
5881.158	1.040	-0.006
5881.237	1.038	-0.003
5881.328	1.038	-0.006
5881.406	1.038	-0.006
5881.484	1.038	-0.006
5881.575	1.039	-0.006
5881.653	1.038	-0.006
5881.744	1.038	-0.007
5881.822	1.038	-0.006
5881.901	1.038	-0.005
5881.992	1.038	-0.006
5882.070	1.038	-0.005
5882.161	1.037	-0.006
5882.239	1.036	-0.006
5882.317	1.038	-0.006
5882.408	1.037	-0.005
5882.487	1.037	-0.006
5882.578	1.037	-0.005
5882.656	1.035	-0.006
5882.734	1.034	-0.005
5882.825	1.034	-0.005
5882.903	1.033	-0.005
5882.994	1.034	-0.005
5883.072	1.033	-0.005
5883.151	1.033	-0.005
5883.242	1.033	-0.005
5883.320	1.033	-0.005
5883.411	1.033	-0.004
5883.489	1.033	-0.003
5883.567	1.033	-0.004
5883.658	1.033	-0.005
5883.737	1.033	-0.005
5883.828	1.032	-0.003
5883.906	1.031	-0.006
5883.984	1.029	-0.002
5884.075	1.029	-0.005
5884.153	1.028	-0.003
5884.244	1.028	-0.005
5884.322	1.028	-0.006
5884.401	1.028	-0.003
5884.492	1.028	-0.004
5884.570	1.028	-0.003
5884.661	1.028	-0.003
5884.739	1.027	-0.002
5884.817	1.028	-0.002
5884.908	1.026	-0.003
5884.987	1.026	-0.002
5885.078	1.025	-0.004
5885.156	1.025	-0.003
5885.234	1.023	-0.002
5885.325	1.023	-0.003
5885.403	1.023	-0.002
5885.494	1.024	-0.002
5885.572	1.023	-0.002
5885.651	1.023	-0.002
5885.742	1.023	-0.002
5885.820	1.023	-0.002
5885.911	1.023	-0.002
5885.989	1.023	-0.002
5886.067	1.023	-0.002
5886.158	1.023	-0.002
5886.237	1.023	-0.003
5886.328	1.023	-0.002
5886.406	1.023	-0.002
5886.484	1.022	-0.002
5886.575	1.023	-0.002
5886.653	1.021	-0.002
5886.744	1.020	-0.002
5886.822	1.020	-0.002
5886.901	1.018	-0.002
5886.992	1.018	-0.002
5887.070	1.018	-0.003
5887.161	1.018	-0.002
5887.239	1.018	-0.002
5887.317	1.018	-0.002
5887.408	1.018	-0.002
5887.487	1.018	-0.002
5887.578	1.018	-0.002
5887.656	1.018	-0.002
5887.734	1.016	-0.002
5887.825	1.017	-0.002
5887.903	1.015	-0.002
5887.994	1.015	-0.002
5888.072	1.015	-0.002
5888.151	1.014	-0.002
5888.242	1.013	-0.002
5888.320	1.013	-0.002
5888.411	1.013	-0.002
5888.489	1.013	-0.002
5888.567	1.013	-0.002
5888.658	1.013	-0.002
5888.737	1.013	-0.002
5888.828	1.013	-0.002
5888.906	1.013	-0.002
5888.984	1.013	-0.002
5889.075	1.012	-0.003
5889.153	1.012	-0.002
5889.244	1.011	-0.002
5889.322	1.009	-0.002
5889.401	1.009	-0.002
5889.492	1.009	-0.002
5889.570	1.008	-0.002
5889.661	1.008	-0.002
5889.739	1.008	-0.002
5889.817	1.008	-0.002
5889.908	1.008	-0.002
5889.987	1.008	-0.002
5890.065	1.007	-0.002
5890.156	1.007	-0.002
5890.234	1.007	-0.002
5890.325	1.004	-0.002
5890.403	1.004	-0.002
5890.494	1.003	-0.002
5890.572	1.004	-0.002
5890.651	1.003	-0.002
5890.742	1.003	-0.002
5890.820	1.003	-0.002
5890.911	1.003	-0.002
5890.989	1.003	-0.002
5891.067	1.003	-0.003
5891.158	1.003	-0.002
5891.237	1.003	-0.002
5891.315	1.002	-0.002
5891.406	1.002	-0.003
5891.484	1.002	-0.002
5891.575	1.002	-0.002
5891.653	1.002	-0.002
5891.731	1.000	-0.002
5891.822	0.998	-0.002
5891.901	1.000	-0.002
5891.992	0.999	-0.002
5892.070	0.998	-0.002
5892.161	0.998	-0.002
5892.239	0.998	-0.003
5892.317	0.998	-0.002
5892.408	0.998	-0.002
5892.487	0.998	-0.002
5892.578	0.998	-0.002
5892.656	0.998	-0.002
5892.734	0.998	-0.002
5892.825	0.998	-0.002
5892.903	0.998	-0.002
5892.994	0.998	-0.002
5893.072	0.997	-0.002
5893.151	0.997	-0.002
5893.242	0.996	-0.002
5893.320	0.997	-0.002
5893.411	0.996	-0.002
5893.489	0.995	-0.003
5893.567	0.994	-0.002
5893.658	0.996	-0.002
5893.737	0.994	-0.002
5893.828	0.992	-0.002
5893.906	0.992	-0.002
5893.984	0.992	-0.002
5894.075	0.992	-0.002
5894.153	0.992	-0.002
5894.244	0.992	-0.002
5894.322	0.992	-0.002
5894.401	0.992	-0.003
5894.492	0.992	-0.002
5894.570	0.992	-0.002
5894.661	0.992	-0.002
5894.739	0.992	-0.004
5894.817	0.991	-0.003
5894.908	0.992	-0.005
5894.987	0.992	-0.002
5895.078	0.992	-0.002
5895.156	0.992	-0.003
5895.234	0.992	-0.004
5895.325	0.992	-0.005
5895.403	0.992	-0.003
5895.494	0.990	-0.005
5895.572	0.988	-0.003
5895.651	0.989	-0.006
5895.742	0.987	-0.006
5895.820	0.989	-0.005
5895.911	0.987	-0.003
5895.989	0.987	-0.005
5896.067	0.988	-0.006
5896.146	0.987	-0.005
5896.237	0.987	-0.006
5896.328	0.988	-0.006
5896.406	0.987	-0.006
5896.484	0.987	-0.006
5896.575	0.987	-0.005
5896.653	0.987	-0.006
5896.744	0.987	-0.006
5896.822	0.987	-0.007
5896.901	0.987	-0.006
5896.992	0.987	-0.006
5897.070	0.987	-0.006
5897.161	0.986	-0.006
5897.239	0.987	-0.007
5897.317	0.987	-0.007
5897.408	0.987	-0.006
5897.487	0.987	-0.007
5897.578	0.986	-0.006
5897.656	0.986	-0.007
5897.734	0.986	-0.006
5897.825	0.986	-0.007
5897.903	0.986	-0.007
5897.994	0.986	-0.007
5898.072	0.986	-0.007
5898.151	0.986	-0.007
5898.242	0.986	-0.007
5898.320	0.984	-0.007
5898.411	0.986	-0.006
5898.489	0.983	-0.007
5898.567	0.983	-0.007
5898.658	0.986	-0.007
5898.737	0.984	-0.007
5898.828	0.983	-0.007
5898.906	0.985	-0.007
5898.984	0.983	-0.007
5899.075	0.982	-0.007
5899.153	0.985	-0.007
5899.231	0.983	-0.007
5899.322	0.985	-0.007
5899.401	0.984	-0.007
5899.492	0.982	-0.007
5899.570	0.984	-0.007
5899.661	0.983	-0.007
5899.739	0.983	-0.007
5899.817	0.982	-0.007
5899.908	0.983	-0.007
5899.987	0.983	-0.007
5900.078	0.982	-0.007
5900.156	0.984	-0.007
5900.234	0.984	-0.007
5900.325	0.984	-0.007
5900.403	0.983	-0.007
5900.481	0.982	-0.007
5900.572	0.982	-0.007
5900.651	0.982	-0.007
5900.742	0.982	-0.007
5900.820	0.983	-0.007
5900.898	0.983	-0.007
5900.989	0.982	-0.007
5901.067	0.982	-0.007
5901.158	0.982	-0.007
5901.237	0.982	-0.007
5901.315	0.982	-0.007
5901.406	0.982	-0.007
5901.484	0.982	-0.007
5901.575	0.982	-0.007
5901.653	0.982	-0.007
5901.731	0.982	-0.007
5901.822	0.982	-0.007
5901.901	0.982	-0.007
5901.992	0.982	-0.007
5902.070	0.982	-0.007
5902.148	0.982	-0.007
5902.239	0.982	-0.007
5902.317	0.982	-0.007
5902.408	0.982	-0.007
5902.487	0.982	-0.007
5902.565	0.982	-0.007
5902.656	0.982	-0.007
5902.734	0.982	-0.007
5902.825	0.982	-0.007
5902.903	0.982	-0.007
5902.981	0.982	-0.007
5903.072	0.982	-0.007
5903.151	0.982	-0.007
5903.242	0.982	-0.007
5903.320	0.982	-0.007
5903.398	0.983	-0.007
5903.489	0.982	-0.007
5903.567	0.982	-0.007
5903.658	0.982	-0.007
5903.737	0.982	-0.007
5903.815	0.982	-0.007
5903.906	0.982	-0.007
5903.984	0.982	-0.007
5904.075	0.982	-0.007
5904.153	0.982	-0.007
5904.231	0.982	-0.007
5904.322	0.982	-0.007
5904.401	0.982	-0.007
5904.492	0.982	-0.007
5904.570	0.982	-0.007
5904.648	0.982	-0.007
5904.739	0.982	-0.007
5904.817	0.982	-0.007
5904.908	0.982	-0.007
5904.987	0.982	-0.007
5905.065	0.982	-0.007
5905.144	0.982	-0.007
5905.234	0.982	-0.008
5905.325	0.982	-0.007
5905.403	0.982	-0.007
5905.481	0.982	-0.007
5905.572	0.982	-0.007
5905.651	0.982	-0.007
5905.742	0.982	-0.007
5905.820	0.982	-0.007
5905.898	0.982	-0.007
5905.989	0.982	-0.007
5906.067	0.982	-0.008
5906.158	0.982	-0.007
5906.237	0.982	-0.007
5906.315	0.982	-0.007
5906.406	0.982	-0.007
5906.484	0.982	-0.007
5906.575	0.982	-0.007
5906.653	0.982	-0.007
5906.731	0.982	-0.007
5906.822	0.982	-0.007
5906.901	0.982	-0.007
5906.992	0.982	-0.007
5907.070	0.982	-0.007
5907.148	0.982	-0.007
5907.239	0.982	-0.007
5907.317	0.982	-0.008
5907.408	0.982	-0.007
5907.487	0.982	-0.008
5907.565	0.982	-0.007
5907.656	0.982	-0.007
5907.734	0.982	-0.007
5907.825	0.982	-0.007
5907.903	0.982	-0.008
5907.981	0.982	-0.007
5908.072	0.982	-0.007
5908.151	0.982	-0.007
5908.242	0.982	-0.007
5908.320	0.982	-0.007
5908.398	0.982	-0.007
5908.489	0.982	-0.007
5908.567	0.982	-0.007
5908.658	0.982	-0.007
5908.737	0.982	-0.007
5908.815	0.982	-0.007
5908.906	0.982	-0.007
5908.984	0.982	-0.007
5909.075	0.982	-0.007
5909.153	0.982	-0.008
5909.231	0.982	-0.007
5909.322	0.982	-0.007
5909.401	0.982	-0.007
5909.492	0.982	-0.007
5909.570	0.982	-0.007
5909.648	0.982	-0.007
5909.739	0.982	-0.007
5909.817	0.982	-0.007
5909.908	0.982	-0.007
5909.987	0.982	-0.007
5910.065	0.982	-0.007
5910.156	0.982	-0.007
5910.234	0.982	-0.007
5910.325	0.982	-0.007
5910.403	0.982	-0.007
5910.481	0.982	-0.007
5910.572	0.982	-0.007
5910.651	0.982	-0.007
5910.742	0.982	-0.007
5910.820	0.982	-0.007
5910.898	0.982	-0.007
5910.989	0.982	-0.007
5911.067	0.982	-0.007
5911.158	0.982	-0.007
5911.237	0.982	-0.007
5911.315	0.982	-0.007
5911.406	0.982	-0.007
5911.484	0.982	-0.007
5911.575	0.982	-0.007
5911.653	0.982	-0.007
5911.731	0.982	-0.007
5911.822	0.982	-0.007
5911.901	0.982	-0.007
5911.992	0.982	-0.007
5912.070	0.982	-0.007
5912.148	0.982	-0.007
5912.239	0.982	-0.007
5912.317	0.982	-0.007
5912.408	0.982	-0.007
5912.487	0.982	-0.007
5912.565	0.982	-0.007
5912.656	0.982	-0.007
5912.734	0.982	-0.007
5912.825	0.982	-0.008
5912.903	0.982	-0.007
5912.981	0.981	-0.007
5913.072	0.981	-0.007
5913.151	0.982	-0.007
5913.242	0.982	-0.007
5913.320	0.981	-0.007
5913.398	0.982	-0.007
5913.489	0.981	-0.007
5913.567	0.982	-0.007
5913.658	0.981	-0.007
5913.737	0.981	-0.007
5913.815	0.982	-0.007
5913.906	0.982	-0.007
5913.984	0.982	-0.007
5914.075	0.981	-0.007
5914.153	0.981	-0.007
5914.231	0.982	-0.007
5914.322	0.981	-0.007
5914.401	0.981	-0.007
5914.492	0.980	-0.007
5914.570	0.980	-0.007
5914.648	0.979	-0.007
5914.739	0.980	-0.007
5914.817	0.981	-0.007
5914.908	0.980	-0.007
5914.987	0.978	-0.007
5915.065	0.980	-0.007
5915.156	0.981	-0.007
5915.234	0.977	-0.007
5915.325	0.979	-0.007
5915.403	0.978	-0.007
5915.481	0.977	-0.007
5915.572	0.978	-0.007
5915.651	0.977	-0.007
5915.742	0.977	-0.007
5915.820	0.977	-0.007
5915.898	0.977	-0.007
5915.989	0.977	-0.007
5916.067	0.977	-0.007
5916.158	0.977	-0.007
5916.237	0.977	-0.007
5916.315	0.977	-0.007
5916.406	0.977	-0.007
5916.484	0.977	-0.007
5916.575	0.977	-0.007
5916.653	0.977	-0.007
5916.731	0.977	-0.007
5916.822	0.977	-0.007
5916.901	0.977	-0.007
5916.992	0.977	-0.007
5917.070	0.977	-0.007
5917.148	0.977	-0.007
5917.239	0.977	-0.007
5917.317	0.977	-0.007
5917.408	0.977	-0.007
5917.487	0.977	-0.007
5917.565	0.976	-0.007
5917.656	0.977	-0.007
5917.734	0.975	-0.007
5917.825	0.977	-0.007
5917.903	0.976	-0.006
5917.981	0.975	-0.007
5918.072	0.975	-0.007
5918.151	0.975	-0.007
5918.242	0.974	-0.007
5918.320	0.972	-0.007
5918.398	0.974	-0.007
5918.489	0.972	-0.007
5918.567	0.972	-0.006
5918.658	0.972	-0.007
5918.737	0.972	-0.007
5918.815	0.972	-0.006
5918.906	0.972	-0.006
5918.984	0.972	-0.007
5919.075	0.972	-0.007
5919.153	0.972	-0.006
5919.231	0.972	-0.006
5919.322	0.972	-0.006
5919.401	0.972	-0.007
5919.492	0.972	-0.006
5919.570	0.972	-0.005
5919.648	0.972	-0.006
5919.739	0.972	-0.007
5919.817	0.972	-0.007
5919.908	0.972	-0.007
5919.987	0.972	-0.006
5920.065	0.972	-0.006
5920.156	0.972	-0.006
5920.234	0.972	-0.005
5920.325	0.972	-0.006
5920.403	0.968	-0.006
5920.481	0.970	-0.006
5920.572	0.969	-0.007
5920.651	0.969	-0.007
5920.742	0.969	-0.006
5920.820	0.968	-0.006
5920.898	0.969	-0.007
5920.989	0.967	-0.007
5921.067	0.967	-0.007
5921.158	0.968	-0.006
5921.237	0.967	-0.006
5921.315	0.967	-0.006
5921.406	0.968	-0.006
5921.484	0.967	-0.006
5921.575	0.967	-0.007
5921.653	0.967	-0.007
5921.731	0.967	-0.006
5921.822	0.967	-0.006
5921.901	0.967	-0.006
5921.992	0.967	-0.007
5922.070	0.967	-0.006
5922.148	0.967	-0.007
5922.239	0.966	-0.006
5922.317	0.965	-0.006
5922.408	0.964	-0.007
5922.487	0.964	-0.006
5922.565	0.964	-0.007
5922.656	0.964	-0.006
5922.734	0.963	-0.007
5922.825	0.963	-0.006
5922.903	0.963	-0.006
5922.981	0.964	-0.006
5923.072	0.963	-0.006
5923.151	0.962	-0.006
5923.242	0.963	-0.007
5923.320	0.963	-0.006
5923.398	0.962	-0.007
5923.489	0.962	-0.007
5923.567	0.962	-0.006
5923.658	0.962	-0.007
5923.737	0.962	-0.006
5923.815	0.962	-0.006
5923.906	0.962	-0.007
5923.984	0.962	-0.006
5924.075	0.962	-0.006
5924.153	0.962	-0.005
5924.231	0.962	-0.007
5924.322	0.962	-0.007
5924.401	0.962	-0.006
5924.492	0.962	-0.006
5924.570	0.962	-0.006
5924.648	0.962	-0.006
5924.739	0.962	-0.007
5924.817	0.962	-0.006
5924.908	0.962	-0.006
5924.987	0.962	-0.004
5925.065	0.962	-0.005
5925.156	0.962	-0.006
5925.234	0.962	-0.007
5925.325	0.962	-0.006
5925.403	0.962	-0.006
5925.481	0.962	-0.007
5925.572	0.962	-0.007
5925.651	0.962	-0.007
5925.742	0.962	-0.006
5925.820	0.962	-0.006
5925.898	0.962	-0.007
5925.989	0.961	-0.006
5926.067	0.962	-0.007
5926.158	0.962	-0.006
5926.237	0.961	-0.006
5926.315	0.961	-0.007
5926.406	0.961	-0.006
5926.484	0.962	-0.007
5926.575	0.959	-0.007
5926.653	0.959	-0.007
5926.731	0.958	-0.006
5926.822	0.958	-0.007
5926.901	0.958	-0.006
5926.992	0.959	-0.007
5927.070	0.961	-0.007
5927.148	0.961	-0.007
5927.239	0.960	-0.007
5927.317	0.958	-0.006
5927.408	0.959	-0.007
5927.487	0.958	-0.007
5927.565	0.957	-0.007
5927.656	0.959	-0.007
5927.734	0.958	-0.007
5927.825	0.960	-0.007
5927.903	0.958	-0.007
5927.981	0.959	-0.007
5928.072	0.960	-0.007
5928.151	0.958	-0.007
5928.242	0.958	-0.007
5928.320	0.958	-0.007
5928.398	0.958	-0.007
5928.489	0.958	-0.007
5928.567	0.958	-0.007
5928.658	0.958	-0.007
5928.737	0.958	-0.007
5928.815	0.958	-0.007
5928.906	0.958	-0.007
5928.984	0.958	-0.007
5929.075	0.957	-0.007
5929.153	0.958	-0.007
5929.231	0.957	-0.007
5929.322	0.958	-0.007
5929.401	0.958	-0.007
5929.492	0.958	-0.007
5929.570	0.958	-0.007
5929.648	0.958	-0.007
5929.739	0.957	-0.007
5929.817	0.958	-0.007
5929.908	0.958	-0.007
5929.987	0.958	-0.007
5930.065	0.958	-0.007
5930.156	0.958	-0.007
5930.234	0.958	-0.007
5930.325	0.958	-0.007
5930.403	0.959	-0.007
5930.481	0.960	-0.007
5930.572	0.961	-0.007
5930.651	0.958	-0.007
5930.742	0.958	-0.007
5930.820	0.958	-0.007
5930.898	0.958	-0.007
5930.989	0.959	-0.007
5931.067	0.959	-0.007
5931.158	0.959	-0.007
5931.237	0.961	-0.007
5931.315	0.959	-0.007
5931.406	0.962	-0.008
5931.484	0.959	-0.007
5931.575	0.961	-0.007
5931.653	0.960	-0.007
5931.731	0.961	-0.008
5931.822	0.962	-0.007
5931.901	0.961	-0.007
5931.992	0.960	-0.007
5932.070	0.960	-0.008
5932.148	0.960	-0.007
5932.239	0.961	-0.007
5932.317	0.962	-0.007
5932.408	0.961	-0.008
5932.487	0.961	-0.007
5932.565	0.962	-0.008
5932.656	0.961	-0.007
5932.734	0.960	-0.008
5932.825	0.961	-0.010
5932.903	0.962	-0.008
5932.981	0.962	-0.009
5933.072	0.962	-0.008
5933.151	0.962	-0.008
5933.242	0.962	-0.010
5933.320	0.962	-0.009
5933.398	0.962	-0.009
5933.489	0.962	-0.010
5933.567	0.962	-0.007
5933.658	0.962	-0.010
5933.737	0.962	-0.009
5933.815	0.962	-0.008
5933.906	0.962	-0.010
5933.984	0.962	-0.008
5934.075	0.962	-0.009
5934.153	0.962	-0.009
5934.231	0.962	-0.008
5934.322	0.962	-0.008
5934.401	0.962	-0.010
5934.492	0.962	-0.011
5934.570	0.962	-0.009
5934.648	0.962	-0.009
5934.739	0.962	-0.010
5934.817	0.962	-0.010
5934.908	0.962	-0.009
5934.987	0.962	-0.008
5935.065	0.962	-0.010
5935.156	0.962	-0.008
5935.234	0.962	-0.011
5935.325	0.962	-0.011
5935.403	0.962	-0.011
5935.481	0.962	-0.008
5935.572	0.962	-0.011
5935.651	0.962	-0.010
5935.742	0.962	-0.009
5935.820	0.963	-0.011
5935.898	0.962	-0.011
5935.989	0.962	-0.010
5936.067	0.963	-0.011
5936.158	0.964	-0.011
5936.237	0.963	-0.008
5936.315	0.963	-0.011
5936.406	0.964	-0.009
5936.484	0.964	-0.011
5936.575	0.965	-0.010
5936.653	0.964	-0.011
5936.731	0.966	-0.010
5936.822	0.965	-0.010
5936.901	0.966	-0.010
5936.992	0.967	-0.010
5937.070	0.966	-0.011
5937.148	0.967	-0.012
5937.239	0.967	-0.011
5937.317	0.967	-0.011
5937.408	0.967	-0.012
5937.487	0.967	-0.011
5937.565	0.967	-0.011
5937.656	0.967	-0.012
5937.734	0.967	-0.011
5937.825	0.966	-0.011
5937.903	0.967	-0.011
5937.981	0.968	-0.010
5938.072	0.967	-0.011
5938.151	0.968	-0.012
5938.242	0.967	-0.012
5938.320	0.967	-0.011
5938.398	0.967	-0.012
5938.489	0.967	-0.011
5938.567	0.967	-0.012
5938.658	0.967	-0.010
5938.737	0.967	-0.011
5938.815	0.967	-0.012
5938.906	0.968	-0.011
5938.984	0.969	-0.011
5939.075	0.967	-0.012
5939.153	0.969	-0.011
5939.231	0.969	-0.012
5939.322	0.968	-0.011
5939.401	0.968	-0.011
5939.492	0.969	-0.012
5939.570	0.967	-0.011
5939.648	0.968	-0.011
5939.739	0.969	-0.011
5939.817	0.969	-0.011
5939.896	0.969	-0.011
5939.987	0.970	-0.011
5940.065	0.970	-0.011
5940.156	0.969	-0.009
5940.234	0.971	-0.010
5940.312	0.972	-0.010
5940.403	0.972	-0.011
5940.481	0.971	-0.010
5940.572	0.972	-0.010
5940.651	0.972	-0.010
5940.742	0.972	-0.011
5940.820	0.972	-0.011
5940.898	0.972	-0.011
5940.989	0.972	-0.007
5941.067	0.971	-0.011
5941.158	0.972	-0.010
5941.237	0.972	-0.009
5941.315	0.972	-0.011
5941.406	0.972	-0.009
5941.484	0.972	-0.010
5941.575	0.972	-0.011
5941.653	0.972	-0.009
5941.731	0.972	-0.010
5941.822	0.972	-0.011
5941.901	0.972	-0.011
5941.992	0.972	-0.012
5942.070	0.972	-0.011
5942.148	0.972	-0.010
5942.239	0.972	-0.010
5942.317	0.972	-0.010
5942.408	0.972	-0.010
5942.487	0.972	-0.011
5942.565	0.972	-0.011
5942.656	0.972	-0.011
5942.734	0.972	-0.011
5942.825	0.972	-0.010
5942.903	0.972	-0.009
5942.981	0.972	-0.010
5943.072	0.972	-0.010
5943.151	0.972	-0.008
5943.242	0.972	-0.009
5943.320	0.972	-0.010
5943.398	0.973	-0.010
5943.489	0.972	-0.011
5943.567	0.972	-0.008
5943.658	0.973	-0.009
5943.737	0.973	-0.011
5943.815	0.974	-0.009
5943.906	0.973	-0.009
5943.984	0.973	-0.009
5944.062	0.975	-0.011
5944.153	0.975	-0.011
5944.231	0.972	-0.011
5944.322	0.974	-0.010
5944.401	0.975	-0.010
5944.479	0.975	-0.010
5944.570	0.973	-0.011
5944.648	0.975	-0.011
5944.739	0.975	-0.009
5944.817	0.975	-0.009
5944.896	0.975	-0.010
5944.987	0.977	-0.011
5945.065	0.975	-0.011
5945.156	0.974	-0.010
5945.234	0.975	-0.009
5945.325	0.974	-0.011
5945.403	0.976	-0.010
5945.481	0.976	-0.011
5945.572	0.977	-0.010
5945.651	0.976	-0.011
5945.742	0.977	-0.011
5945.820	0.975	-0.010
5945.898	0.977	-0.011
5945.989	0.977	-0.010
5946.067	0.977	-0.009
5946.158	0.975	-0.009
5946.237	0.977	-0.011
5946.315	0.977	-0.011
5946.406	0.977	-0.009
5946.484	0.977	-0.007
5946.562	0.977	-0.010
5946.653	0.977	-0.009
5946.731	0.977	-0.009
5946.822	0.977	-0.009
5946.901	0.977	-0.009
5946.979	0.977	-0.009
5947.070	0.977	-0.009
5947.148	0.977	-0.007
5947.239	0.977	-0.009
5947.317	0.977	-0.008
5947.396	0.977	-0.007
5947.487	0.977	-0.008
5947.565	0.977	-0.009
5947.656	0.977	-0.007
5947.734	0.977	-0.008
5947.812	0.977	-0.008
5947.903	0.977	-0.009
5947.981	0.977	-0.007
5948.072	0.977	-0.007
5948.151	0.977	-0.008
5948.229	0.978	-0.007
5948.320	0.977	-0.007
5948.398	0.977	-0.007
5948.489	0.977	-0.007
5948.567	0.977	-0.007
5948.658	0.977	-0.009
5948.737	0.977	-0.008
5948.815	0.977	-0.007
5948.906	0.977	-0.007
5948.984	0.977	-0.007
5949.075	0.977	-0.008
5949.153	0.977	-0.008
5949.231	0.977	-0.007
5949.322	0.977	-0.007
5949.401	0.977	-0.007
5949.479	0.977	-0.007
5949.570	0.977	-0.007
5949.648	0.977	-0.007
5949.739	0.977	-0.008
5949.817	0.977	-0.007
5949.896	0.977	-0.007
5949.987	0.977	-0.007
5950.065	0.977	-0.007
